!MOLECULE
36ArH+
!MOLECULAR WEIGHT
37
!NUMBER OF ENERGY LEVELS
12
! LEVEL + ENERGY(CM-1) + WEIGHT + QUANTUM NOS.
     1       0.0000       1.0   0          
     2      20.5984       3.0   1          
     3      61.7803       5.0   2          
     4     123.5159       7.0   3          
     5     205.7603       9.0   4          
     6     308.4540      11.0   5          
     7     431.5225      13.0   6          
     8     574.8766      15.0   7          
     9     738.4125      17.0   8          
    10     922.0116      19.0   9          
    11    1125.5408      21.0  10          
    12    1348.8528      23.0  11   
!NUMBER OF RADIATIVE TRANSITIONS
11
!TRANS UP + LOW + EINSTEINA(s^-1) + FREQ(GHz) + E_up(K)
     1       2    1   0.433E-02     617.52523    29.637
     2       3    2   0.415E-01    1234.60275    88.889
     3       4    3   0.150E+00    1850.78521   177.713
     4       5    4   0.367E+00    2465.62595   296.045
     5       6    5   0.732E+00    3078.67933   443.799
     6       7    6   0.128E+01    3689.50111   620.869
     7       8    7   0.204E+01    4297.64873   827.125
     8       9    8   0.306E+01    4902.68170  1062.418
     9      10    9   0.436E+01    5504.16189  1326.578
    10      11   10   0.597E+01    6101.65386  1619.413
    11      12   11   0.792E+01    6694.72513  1940.711
!NUMBER OF COLL PARTNERS
1
!COLLISIONS BETWEEN
5 36ArH+ - H atoms:  P, Dagdigian, MNRAS 477, 802 (2018)
!NUMBER OF COLL TRANS
60
!NUMBER OF COLL TEMPS
34
!COLL TEMPS
     10     20     30     40     50     60     70     80     90    100    110    120    130    140    150    160    170    180    190    200    210    220    230    240    250    260    270    280    290    300    400    500    600   1000
! TRANS + UP + LOW + RATE COEFFS(cm^3 s^-1)
    1    2    1  5.235e-10  5.067e-10  4.875e-10  4.686e-10  4.516e-10  4.365e-10  4.232e-10  4.116e-10  4.012e-10  3.919e-10  3.836e-10  3.762e-10  3.694e-10  3.632e-10  3.575e-10  3.523e-10  3.475e-10  3.431e-10  3.390e-10  3.352e-10  3.317e-10  3.284e-10  3.253e-10  3.224e-10  3.197e-10  3.172e-10  3.148e-10  3.126e-10  3.104e-10  3.085e-10  2.939e-10  2.859e-10  2.817e-10  2.825e-10
    2    3    1  2.413e-10  2.353e-10  2.308e-10  2.257e-10  2.203e-10  2.150e-10  2.098e-10  2.048e-10  2.001e-10  1.956e-10  1.914e-10  1.874e-10  1.836e-10  1.800e-10  1.767e-10  1.734e-10  1.704e-10  1.675e-10  1.648e-10  1.622e-10  1.598e-10  1.574e-10  1.552e-10  1.531e-10  1.511e-10  1.492e-10  1.474e-10  1.456e-10  1.440e-10  1.424e-10  1.299e-10  1.216e-10  1.159e-10  1.057e-10
    3    3    2  7.860e-10  7.663e-10  7.493e-10  7.305e-10  7.116e-10  6.937e-10  6.773e-10  6.623e-10  6.486e-10  6.362e-10  6.248e-10  6.145e-10  6.051e-10  5.964e-10  5.884e-10  5.811e-10  5.744e-10  5.682e-10  5.624e-10  5.571e-10  5.522e-10  5.476e-10  5.434e-10  5.395e-10  5.358e-10  5.325e-10  5.293e-10  5.264e-10  5.236e-10  5.211e-10  5.035e-10  4.952e-10  4.921e-10  4.997e-10
    4    4    1  1.393e-10  1.366e-10  1.354e-10  1.340e-10  1.324e-10  1.305e-10  1.285e-10  1.265e-10  1.245e-10  1.225e-10  1.206e-10  1.187e-10  1.168e-10  1.151e-10  1.133e-10  1.117e-10  1.101e-10  1.085e-10  1.071e-10  1.056e-10  1.043e-10  1.030e-10  1.017e-10  1.005e-10  9.938e-11  9.828e-11  9.723e-11  9.622e-11  9.525e-11  9.432e-11  8.688e-11  8.191e-11  7.854e-11  7.255e-11
    5    4    2  4.421e-10  4.351e-10  4.313e-10  4.264e-10  4.203e-10  4.136e-10  4.067e-10  3.998e-10  3.931e-10  3.866e-10  3.803e-10  3.743e-10  3.685e-10  3.630e-10  3.577e-10  3.526e-10  3.478e-10  3.432e-10  3.387e-10  3.345e-10  3.304e-10  3.264e-10  3.227e-10  3.191e-10  3.156e-10  3.122e-10  3.090e-10  3.059e-10  3.030e-10  3.001e-10  2.765e-10  2.599e-10  2.479e-10  2.235e-10
    6    4    3  7.341e-10  7.212e-10  7.125e-10  7.024e-10  6.913e-10  6.802e-10  6.694e-10  6.592e-10  6.498e-10  6.410e-10  6.330e-10  6.256e-10  6.188e-10  6.126e-10  6.068e-10  6.015e-10  5.966e-10  5.921e-10  5.879e-10  5.841e-10  5.805e-10  5.772e-10  5.742e-10  5.713e-10  5.687e-10  5.663e-10  5.641e-10  5.620e-10  5.601e-10  5.583e-10  5.470e-10  5.431e-10  5.435e-10  5.611e-10
    7    5    1  9.243e-11  9.017e-11  8.955e-11  8.908e-11  8.850e-11  8.779e-11  8.698e-11  8.612e-11  8.522e-11  8.429e-11  8.335e-11  8.241e-11  8.148e-11  8.055e-11  7.963e-11  7.872e-11  7.783e-11  7.696e-11  7.610e-11  7.526e-11  7.444e-11  7.364e-11  7.286e-11  7.210e-11  7.136e-11  7.064e-11  6.993e-11  6.925e-11  6.858e-11  6.793e-11  6.237e-11  5.819e-11  5.506e-11  4.887e-11
    8    5    2  2.876e-10  2.822e-10  2.808e-10  2.796e-10  2.778e-10  2.756e-10  2.731e-10  2.703e-10  2.674e-10  2.644e-10  2.614e-10  2.583e-10  2.553e-10  2.524e-10  2.495e-10  2.466e-10  2.438e-10  2.411e-10  2.384e-10  2.359e-10  2.334e-10  2.309e-10  2.286e-10  2.263e-10  2.240e-10  2.219e-10  2.198e-10  2.178e-10  2.158e-10  2.139e-10  1.977e-10  1.855e-10  1.761e-10  1.545e-10
    9    5    3  4.778e-10  4.701e-10  4.678e-10  4.651e-10  4.613e-10  4.566e-10  4.513e-10  4.457e-10  4.400e-10  4.341e-10  4.284e-10  4.227e-10  4.171e-10  4.117e-10  4.064e-10  4.013e-10  3.964e-10  3.917e-10  3.871e-10  3.827e-10  3.785e-10  3.744e-10  3.705e-10  3.667e-10  3.631e-10  3.596e-10  3.563e-10  3.531e-10  3.500e-10  3.470e-10  3.230e-10  3.065e-10  2.950e-10  2.718e-10
   10    5    4  6.556e-10  6.424e-10  6.357e-10  6.294e-10  6.227e-10  6.157e-10  6.087e-10  6.019e-10  5.955e-10  5.894e-10  5.838e-10  5.786e-10  5.737e-10  5.692e-10  5.651e-10  5.614e-10  5.579e-10  5.548e-10  5.519e-10  5.493e-10  5.469e-10  5.447e-10  5.427e-10  5.409e-10  5.394e-10  5.379e-10  5.366e-10  5.355e-10  5.345e-10  5.336e-10  5.301e-10  5.328e-10  5.389e-10  5.719e-10
   11    6    1  6.517e-11  6.397e-11  6.365e-11  6.347e-11  6.324e-11  6.293e-11  6.255e-11  6.211e-11  6.164e-11  6.114e-11  6.063e-11  6.012e-11  5.960e-11  5.908e-11  5.857e-11  5.807e-11  5.757e-11  5.709e-11  5.661e-11  5.614e-11  5.567e-11  5.522e-11  5.477e-11  5.434e-11  5.391e-11  5.349e-11  5.307e-11  5.267e-11  5.227e-11  5.188e-11  4.835e-11  4.542e-11  4.299e-11  3.667e-11
   12    6    2  2.002e-10  1.978e-10  1.974e-10  1.973e-10  1.970e-10  1.963e-10  1.954e-10  1.942e-10  1.928e-10  1.913e-10  1.897e-10  1.880e-10  1.863e-10  1.846e-10  1.828e-10  1.810e-10  1.792e-10  1.775e-10  1.758e-10  1.740e-10  1.724e-10  1.707e-10  1.691e-10  1.675e-10  1.659e-10  1.644e-10  1.629e-10  1.615e-10  1.601e-10  1.587e-10  1.466e-10  1.371e-10  1.295e-10  1.104e-10
   13    6    3  3.323e-10  3.292e-10  3.287e-10  3.282e-10  3.272e-10  3.255e-10  3.232e-10  3.206e-10  3.176e-10  3.145e-10  3.113e-10  3.080e-10  3.048e-10  3.015e-10  2.983e-10  2.951e-10  2.920e-10  2.890e-10  2.861e-10  2.832e-10  2.804e-10  2.776e-10  2.750e-10  2.724e-10  2.699e-10  2.675e-10  2.651e-10  2.628e-10  2.606e-10  2.585e-10  2.401e-10  2.261e-10  2.154e-10  1.904e-10
   14    6    4  4.590e-10  4.557e-10  4.549e-10  4.538e-10  4.518e-10  4.490e-10  4.456e-10  4.418e-10  4.377e-10  4.335e-10  4.292e-10  4.249e-10  4.207e-10  4.165e-10  4.123e-10  4.083e-10  4.044e-10  4.005e-10  3.968e-10  3.931e-10  3.896e-10  3.862e-10  3.829e-10  3.797e-10  3.766e-10  3.736e-10  3.707e-10  3.678e-10  3.651e-10  3.625e-10  3.403e-10  3.242e-10  3.123e-10  2.877e-10
   15    6    5  5.722e-10  5.635e-10  5.588e-10  5.551e-10  5.514e-10  5.476e-10  5.438e-10  5.400e-10  5.364e-10  5.330e-10  5.299e-10  5.269e-10  5.242e-10  5.217e-10  5.194e-10  5.174e-10  5.155e-10  5.138e-10  5.123e-10  5.109e-10  5.097e-10  5.087e-10  5.078e-10  5.070e-10  5.063e-10  5.058e-10  5.053e-10  5.050e-10  5.047e-10  5.045e-10  5.067e-10  5.135e-10  5.227e-10  5.648e-10
   16    7    1  4.882e-11  4.802e-11  4.782e-11  4.776e-11  4.768e-11  4.756e-11  4.739e-11  4.716e-11  4.691e-11  4.662e-11  4.632e-11  4.601e-11  4.570e-11  4.538e-11  4.506e-11  4.474e-11  4.443e-11  4.412e-11  4.381e-11  4.351e-11  4.321e-11  4.292e-11  4.263e-11  4.235e-11  4.207e-11  4.179e-11  4.152e-11  4.126e-11  4.099e-11  4.074e-11  3.837e-11  3.635e-11  3.459e-11  2.952e-11
   17    7    2  1.482e-10  1.470e-10  1.470e-10  1.474e-10  1.478e-10  1.479e-10  1.478e-10  1.475e-10  1.470e-10  1.463e-10  1.455e-10  1.446e-10  1.436e-10  1.425e-10  1.414e-10  1.403e-10  1.391e-10  1.379e-10  1.368e-10  1.356e-10  1.344e-10  1.332e-10  1.321e-10  1.309e-10  1.297e-10  1.286e-10  1.275e-10  1.264e-10  1.253e-10  1.243e-10  1.147e-10  1.069e-10  1.005e-10  8.403e-11
   18    7    3  2.458e-10  2.442e-10  2.441e-10  2.442e-10  2.439e-10  2.433e-10  2.423e-10  2.410e-10  2.394e-10  2.376e-10  2.357e-10  2.337e-10  2.316e-10  2.295e-10  2.273e-10  2.252e-10  2.231e-10  2.210e-10  2.189e-10  2.168e-10  2.148e-10  2.128e-10  2.109e-10  2.090e-10  2.071e-10  2.053e-10  2.035e-10  2.018e-10  2.001e-10  1.985e-10  1.839e-10  1.725e-10  1.634e-10  1.405e-10
   19    7    4  3.405e-10  3.387e-10  3.386e-10  3.383e-10  3.375e-10  3.362e-10  3.344e-10  3.322e-10  3.298e-10  3.271e-10  3.243e-10  3.215e-10  3.185e-10  3.156e-10  3.126e-10  3.097e-10  3.068e-10  3.040e-10  3.012e-10  2.985e-10  2.958e-10  2.932e-10  2.907e-10  2.882e-10  2.858e-10  2.834e-10  2.811e-10  2.789e-10  2.767e-10  2.746e-10  2.567e-10  2.432e-10  2.328e-10  2.088e-10
   20    7    5  4.304e-10  4.285e-10  4.284e-10  4.280e-10  4.270e-10  4.254e-10  4.232e-10  4.206e-10  4.176e-10  4.144e-10  4.111e-10  4.077e-10  4.043e-10  4.008e-10  3.974e-10  3.940e-10  3.907e-10  3.874e-10  3.843e-10  3.811e-10  3.781e-10  3.751e-10  3.723e-10  3.695e-10  3.668e-10  3.641e-10  3.616e-10  3.591e-10  3.567e-10  3.544e-10  3.348e-10  3.204e-10  3.099e-10  2.887e-10
   21    7    6  5.047e-10  4.961e-10  4.921e-10  4.894e-10  4.871e-10  4.849e-10  4.829e-10  4.809e-10  4.791e-10  4.775e-10  4.761e-10  4.749e-10  4.738e-10  4.730e-10  4.723e-10  4.717e-10  4.714e-10  4.711e-10  4.710e-10  4.709e-10  4.710e-10  4.712e-10  4.715e-10  4.718e-10  4.723e-10  4.728e-10  4.733e-10  4.739e-10  4.746e-10  4.753e-10  4.845e-10  4.960e-10  5.085e-10  5.593e-10
   22    8    1  3.771e-11  3.739e-11  3.736e-11  3.738e-11  3.737e-11  3.732e-11  3.723e-11  3.709e-11  3.691e-11  3.670e-11  3.647e-11  3.622e-11  3.596e-11  3.569e-11  3.541e-11  3.513e-11  3.484e-11  3.455e-11  3.427e-11  3.399e-11  3.371e-11  3.343e-11  3.316e-11  3.289e-11  3.263e-11  3.237e-11  3.211e-11  3.186e-11  3.162e-11  3.138e-11  2.924e-11  2.751e-11  2.608e-11  2.241e-11
   23    8    2  1.133e-10  1.135e-10  1.142e-10  1.150e-10  1.156e-10  1.161e-10  1.164e-10  1.165e-10  1.164e-10  1.161e-10  1.157e-10  1.152e-10  1.145e-10  1.138e-10  1.130e-10  1.122e-10  1.113e-10  1.104e-10  1.095e-10  1.085e-10  1.076e-10  1.066e-10  1.056e-10  1.047e-10  1.037e-10  1.028e-10  1.018e-10  1.009e-10  1.000e-10  9.912e-11  9.105e-11  8.456e-11  7.937e-11  6.664e-11
   24    8    3  1.880e-10  1.882e-10  1.886e-10  1.890e-10  1.891e-10  1.889e-10  1.884e-10  1.876e-10  1.866e-10  1.854e-10  1.841e-10  1.827e-10  1.812e-10  1.796e-10  1.779e-10  1.763e-10  1.746e-10  1.729e-10  1.712e-10  1.695e-10  1.679e-10  1.662e-10  1.646e-10  1.630e-10  1.614e-10  1.599e-10  1.584e-10  1.569e-10  1.554e-10  1.540e-10  1.416e-10  1.319e-10  1.241e-10  1.045e-10
   25    8    4  2.611e-10  2.612e-10  2.614e-10  2.613e-10  2.610e-10  2.603e-10  2.592e-10  2.579e-10  2.563e-10  2.546e-10  2.526e-10  2.505e-10  2.484e-10  2.461e-10  2.438e-10  2.415e-10  2.392e-10  2.368e-10  2.345e-10  2.322e-10  2.299e-10  2.276e-10  2.254e-10  2.232e-10  2.211e-10  2.190e-10  2.170e-10  2.150e-10  2.130e-10  2.111e-10  1.946e-10  1.819e-10  1.720e-10  1.489e-10
   26    8    5  3.315e-10  3.318e-10  3.323e-10  3.323e-10  3.317e-10  3.305e-10  3.288e-10  3.268e-10  3.244e-10  3.218e-10  3.189e-10  3.160e-10  3.130e-10  3.099e-10  3.068e-10  3.037e-10  3.007e-10  2.976e-10  2.946e-10  2.916e-10  2.887e-10  2.859e-10  2.831e-10  2.804e-10  2.778e-10  2.752e-10  2.727e-10  2.703e-10  2.679e-10  2.656e-10  2.458e-10  2.311e-10  2.200e-10  1.961e-10
   27    8    6  3.977e-10  3.970e-10  3.967e-10  3.962e-10  3.954e-10  3.941e-10  3.926e-10  3.907e-10  3.887e-10  3.864e-10  3.840e-10  3.815e-10  3.789e-10  3.762e-10  3.735e-10  3.708e-10  3.681e-10  3.655e-10  3.628e-10  3.602e-10  3.576e-10  3.551e-10  3.526e-10  3.502e-10  3.478e-10  3.455e-10  3.432e-10  3.410e-10  3.389e-10  3.368e-10  3.189e-10  3.056e-10  2.956e-10  2.751e-10
   28    8    7  4.448e-10  4.380e-10  4.353e-10  4.341e-10  4.335e-10  4.332e-10  4.330e-10  4.329e-10  4.328e-10  4.328e-10  4.329e-10  4.331e-10  4.334e-10  4.337e-10  4.341e-10  4.347e-10  4.352e-10  4.359e-10  4.366e-10  4.374e-10  4.382e-10  4.391e-10  4.400e-10  4.409e-10  4.419e-10  4.430e-10  4.441e-10  4.452e-10  4.463e-10  4.475e-10  4.602e-10  4.739e-10  4.879e-10  5.400e-10
   29    9    1  3.043e-11  3.027e-11  3.043e-11  3.068e-11  3.091e-11  3.108e-11  3.115e-11  3.114e-11  3.105e-11  3.091e-11  3.071e-11  3.049e-11  3.023e-11  2.996e-11  2.967e-11  2.938e-11  2.907e-11  2.877e-11  2.847e-11  2.816e-11  2.786e-11  2.756e-11  2.727e-11  2.698e-11  2.670e-11  2.642e-11  2.615e-11  2.588e-11  2.562e-11  2.537e-11  2.313e-11  2.138e-11  1.999e-11  1.674e-11
   30    9    2  9.048e-11  9.123e-11  9.258e-11  9.406e-11  9.538e-11  9.639e-11  9.704e-11  9.736e-11  9.738e-11  9.717e-11  9.676e-11  9.620e-11  9.552e-11  9.476e-11  9.392e-11  9.304e-11  9.211e-11  9.117e-11  9.021e-11  8.925e-11  8.828e-11  8.732e-11  8.637e-11  8.542e-11  8.449e-11  8.358e-11  8.268e-11  8.179e-11  8.092e-11  8.008e-11  7.258e-11  6.671e-11  6.208e-11  5.072e-11
   31    9    3  1.500e-10  1.506e-10  1.519e-10  1.532e-10  1.543e-10  1.551e-10  1.553e-10  1.552e-10  1.546e-10  1.538e-10  1.527e-10  1.515e-10  1.501e-10  1.486e-10  1.471e-10  1.455e-10  1.438e-10  1.422e-10  1.406e-10  1.389e-10  1.373e-10  1.357e-10  1.341e-10  1.326e-10  1.311e-10  1.296e-10  1.281e-10  1.267e-10  1.253e-10  1.240e-10  1.121e-10  1.029e-10  9.564e-11  7.786e-11
   32    9    4  2.086e-10  2.090e-10  2.101e-10  2.115e-10  2.126e-10  2.133e-10  2.133e-10  2.128e-10  2.118e-10  2.105e-10  2.088e-10  2.069e-10  2.048e-10  2.026e-10  2.004e-10  1.981e-10  1.957e-10  1.934e-10  1.910e-10  1.887e-10  1.864e-10  1.842e-10  1.820e-10  1.798e-10  1.777e-10  1.756e-10  1.736e-10  1.716e-10  1.697e-10  1.678e-10  1.516e-10  1.391e-10  1.295e-10  1.072e-10
   33    9    5  2.657e-10  2.660e-10  2.674e-10  2.691e-10  2.703e-10  2.708e-10  2.705e-10  2.695e-10  2.679e-10  2.659e-10  2.635e-10  2.609e-10  2.581e-10  2.552e-10  2.522e-10  2.491e-10  2.461e-10  2.431e-10  2.401e-10  2.371e-10  2.342e-10  2.314e-10  2.286e-10  2.259e-10  2.232e-10  2.206e-10  2.181e-10  2.156e-10  2.132e-10  2.109e-10  1.909e-10  1.759e-10  1.644e-10  1.381e-10
   34    9    6  3.203e-10  3.192e-10  3.202e-10  3.218e-10  3.232e-10  3.239e-10  3.238e-10  3.228e-10  3.212e-10  3.190e-10  3.165e-10  3.136e-10  3.105e-10  3.073e-10  3.040e-10  3.006e-10  2.973e-10  2.939e-10  2.906e-10  2.873e-10  2.841e-10  2.809e-10  2.779e-10  2.749e-10  2.719e-10  2.691e-10  2.663e-10  2.636e-10  2.610e-10  2.584e-10  2.367e-10  2.206e-10  2.083e-10  1.803e-10
   35    9    7  3.708e-10  3.678e-10  3.680e-10  3.698e-10  3.717e-10  3.731e-10  3.737e-10  3.736e-10  3.727e-10  3.713e-10  3.696e-10  3.674e-10  3.651e-10  3.626e-10  3.601e-10  3.574e-10  3.548e-10  3.521e-10  3.494e-10  3.468e-10  3.442e-10  3.417e-10  3.392e-10  3.367e-10  3.343e-10  3.320e-10  3.298e-10  3.276e-10  3.254e-10  3.234e-10  3.056e-10  2.924e-10  2.826e-10  2.614e-10
   36    9    8  3.987e-10  3.910e-10  3.899e-10  3.917e-10  3.944e-10  3.971e-10  3.994e-10  4.012e-10  4.027e-10  4.040e-10  4.051e-10  4.061e-10  4.070e-10  4.079e-10  4.089e-10  4.100e-10  4.110e-10  4.122e-10  4.134e-10  4.147e-10  4.160e-10  4.174e-10  4.188e-10  4.203e-10  4.219e-10  4.234e-10  4.250e-10  4.267e-10  4.284e-10  4.301e-10  4.478e-10  4.656e-10  4.826e-10  5.382e-10
   37   10    1  2.459e-11  2.489e-11  2.511e-11  2.527e-11  2.536e-11  2.539e-11  2.537e-11  2.531e-11  2.520e-11  2.507e-11  2.491e-11  2.472e-11  2.452e-11  2.431e-11  2.408e-11  2.385e-11  2.361e-11  2.338e-11  2.313e-11  2.289e-11  2.265e-11  2.241e-11  2.218e-11  2.194e-11  2.171e-11  2.148e-11  2.126e-11  2.104e-11  2.082e-11  2.061e-11  1.871e-11  1.719e-11  1.597e-11  1.293e-11
   38   10    2  7.256e-11  7.474e-11  7.650e-11  7.787e-11  7.889e-11  7.960e-11  8.003e-11  8.021e-11  8.020e-11  8.001e-11  7.969e-11  7.926e-11  7.874e-11  7.815e-11  7.750e-11  7.682e-11  7.610e-11  7.536e-11  7.461e-11  7.385e-11  7.308e-11  7.232e-11  7.155e-11  7.079e-11  7.004e-11  6.929e-11  6.855e-11  6.783e-11  6.712e-11  6.641e-11  6.010e-11  5.499e-11  5.087e-11  4.048e-11
   39   10    3  1.200e-10  1.225e-10  1.241e-10  1.251e-10  1.258e-10  1.261e-10  1.260e-10  1.257e-10  1.252e-10  1.245e-10  1.237e-10  1.227e-10  1.216e-10  1.205e-10  1.193e-10  1.180e-10  1.168e-10  1.155e-10  1.142e-10  1.130e-10  1.117e-10  1.104e-10  1.092e-10  1.080e-10  1.067e-10  1.055e-10  1.044e-10  1.032e-10  1.021e-10  1.010e-10  9.107e-11  8.316e-11  7.682e-11  6.125e-11
   40   10    4  1.670e-10  1.697e-10  1.711e-10  1.718e-10  1.721e-10  1.720e-10  1.716e-10  1.708e-10  1.698e-10  1.686e-10  1.672e-10  1.657e-10  1.641e-10  1.624e-10  1.607e-10  1.589e-10  1.571e-10  1.554e-10  1.536e-10  1.518e-10  1.500e-10  1.483e-10  1.465e-10  1.448e-10  1.432e-10  1.415e-10  1.399e-10  1.383e-10  1.368e-10  1.353e-10  1.219e-10  1.113e-10  1.029e-10  8.229e-11
   41   10    5  2.133e-10  2.163e-10  2.177e-10  2.182e-10  2.181e-10  2.176e-10  2.166e-10  2.154e-10  2.138e-10  2.120e-10  2.100e-10  2.079e-10  2.057e-10  2.035e-10  2.011e-10  1.988e-10  1.964e-10  1.941e-10  1.918e-10  1.895e-10  1.872e-10  1.849e-10  1.827e-10  1.806e-10  1.784e-10  1.764e-10  1.743e-10  1.723e-10  1.704e-10  1.685e-10  1.518e-10  1.387e-10  1.283e-10  1.029e-10
   42   10    6  2.574e-10  2.593e-10  2.603e-10  2.606e-10  2.605e-10  2.599e-10  2.588e-10  2.574e-10  2.556e-10  2.536e-10  2.513e-10  2.489e-10  2.463e-10  2.437e-10  2.410e-10  2.383e-10  2.356e-10  2.329e-10  2.302e-10  2.275e-10  2.249e-10  2.223e-10  2.197e-10  2.172e-10  2.148e-10  2.124e-10  2.100e-10  2.077e-10  2.055e-10  2.033e-10  1.840e-10  1.690e-10  1.572e-10  1.285e-10
   43   10    7  2.985e-10  2.984e-10  2.984e-10  2.983e-10  2.979e-10  2.973e-10  2.962e-10  2.949e-10  2.931e-10  2.912e-10  2.890e-10  2.866e-10  2.841e-10  2.815e-10  2.788e-10  2.761e-10  2.733e-10  2.706e-10  2.679e-10  2.652e-10  2.625e-10  2.599e-10  2.573e-10  2.548e-10  2.523e-10  2.499e-10  2.475e-10  2.452e-10  2.429e-10  2.407e-10  2.214e-10  2.066e-10  1.952e-10  1.682e-10
   44   10    8  3.351e-10  3.319e-10  3.300e-10  3.288e-10  3.279e-10  3.271e-10  3.261e-10  3.250e-10  3.238e-10  3.224e-10  3.209e-10  3.192e-10  3.176e-10  3.158e-10  3.140e-10  3.123e-10  3.105e-10  3.087e-10  3.069e-10  3.052e-10  3.034e-10  3.017e-10  3.001e-10  2.985e-10  2.969e-10  2.953e-10  2.938e-10  2.923e-10  2.909e-10  2.895e-10  2.774e-10  2.683e-10  2.613e-10  2.454e-10
   45   10    9  3.499e-10  3.468e-10  3.459e-10  3.458e-10  3.460e-10  3.463e-10  3.467e-10  3.471e-10  3.475e-10  3.480e-10  3.485e-10  3.491e-10  3.499e-10  3.507e-10  3.517e-10  3.528e-10  3.540e-10  3.553e-10  3.567e-10  3.583e-10  3.599e-10  3.616e-10  3.634e-10  3.653e-10  3.672e-10  3.692e-10  3.713e-10  3.734e-10  3.755e-10  3.777e-10  4.006e-10  4.236e-10  4.456e-10  5.177e-10
   46   11    1  2.111e-11  2.131e-11  2.148e-11  2.162e-11  2.172e-11  2.179e-11  2.183e-11  2.182e-11  2.178e-11  2.170e-11  2.160e-11  2.147e-11  2.133e-11  2.117e-11  2.099e-11  2.081e-11  2.062e-11  2.043e-11  2.023e-11  2.003e-11  1.983e-11  1.962e-11  1.942e-11  1.922e-11  1.902e-11  1.883e-11  1.863e-11  1.844e-11  1.825e-11  1.806e-11  1.636e-11  1.496e-11  1.382e-11  1.084e-11
   47   11    2  6.174e-11  6.389e-11  6.560e-11  6.693e-11  6.796e-11  6.872e-11  6.924e-11  6.955e-11  6.968e-11  6.966e-11  6.950e-11  6.924e-11  6.889e-11  6.846e-11  6.798e-11  6.745e-11  6.689e-11  6.630e-11  6.569e-11  6.506e-11  6.443e-11  6.379e-11  6.314e-11  6.250e-11  6.186e-11  6.122e-11  6.059e-11  5.996e-11  5.934e-11  5.873e-11  5.313e-11  4.848e-11  4.466e-11  3.472e-11
   48   11    3  1.015e-10  1.036e-10  1.050e-10  1.061e-10  1.069e-10  1.074e-10  1.076e-10  1.076e-10  1.074e-10  1.071e-10  1.066e-10  1.059e-10  1.052e-10  1.044e-10  1.035e-10  1.026e-10  1.016e-10  1.006e-10  9.956e-11  9.853e-11  9.749e-11  9.645e-11  9.542e-11  9.439e-11  9.337e-11  9.236e-11  9.136e-11  9.037e-11  8.940e-11  8.845e-11  7.977e-11  7.265e-11  6.682e-11  5.188e-11
   49   11    4  1.411e-10  1.430e-10  1.442e-10  1.450e-10  1.454e-10  1.457e-10  1.456e-10  1.453e-10  1.448e-10  1.441e-10  1.432e-10  1.421e-10  1.410e-10  1.397e-10  1.384e-10  1.371e-10  1.357e-10  1.343e-10  1.328e-10  1.314e-10  1.300e-10  1.285e-10  1.271e-10  1.257e-10  1.243e-10  1.229e-10  1.215e-10  1.202e-10  1.189e-10  1.176e-10  1.059e-10  9.644e-11  8.871e-11  6.895e-11
   50   11    5  1.804e-10  1.825e-10  1.833e-10  1.835e-10  1.834e-10  1.829e-10  1.822e-10  1.812e-10  1.800e-10  1.786e-10  1.770e-10  1.754e-10  1.736e-10  1.718e-10  1.699e-10  1.680e-10  1.661e-10  1.642e-10  1.623e-10  1.604e-10  1.585e-10  1.566e-10  1.548e-10  1.529e-10  1.511e-10  1.494e-10  1.477e-10  1.460e-10  1.443e-10  1.427e-10  1.283e-10  1.167e-10  1.074e-10  8.379e-11
   51   11    6  2.176e-10  2.185e-10  2.190e-10  2.191e-10  2.189e-10  2.184e-10  2.175e-10  2.163e-10  2.149e-10  2.133e-10  2.114e-10  2.095e-10  2.074e-10  2.052e-10  2.030e-10  2.008e-10  1.985e-10  1.963e-10  1.940e-10  1.917e-10  1.895e-10  1.873e-10  1.851e-10  1.829e-10  1.808e-10  1.788e-10  1.767e-10  1.747e-10  1.728e-10  1.708e-10  1.538e-10  1.401e-10  1.291e-10  1.016e-10
   52   11    7  2.520e-10  2.508e-10  2.504e-10  2.500e-10  2.496e-10  2.489e-10  2.480e-10  2.467e-10  2.452e-10  2.434e-10  2.414e-10  2.393e-10  2.370e-10  2.347e-10  2.322e-10  2.298e-10  2.273e-10  2.248e-10  2.223e-10  2.198e-10  2.174e-10  2.149e-10  2.125e-10  2.102e-10  2.078e-10  2.055e-10  2.033e-10  2.011e-10  1.989e-10  1.968e-10  1.782e-10  1.633e-10  1.514e-10  1.214e-10
   53   11    8  2.828e-10  2.784e-10  2.762e-10  2.748e-10  2.737e-10  2.726e-10  2.714e-10  2.700e-10  2.684e-10  2.666e-10  2.646e-10  2.625e-10  2.603e-10  2.580e-10  2.557e-10  2.533e-10  2.509e-10  2.485e-10  2.461e-10  2.437e-10  2.414e-10  2.390e-10  2.367e-10  2.345e-10  2.323e-10  2.301e-10  2.279e-10  2.258e-10  2.238e-10  2.218e-10  2.042e-10  1.906e-10  1.799e-10  1.544e-10
   54   11    9  3.120e-10  3.059e-10  3.027e-10  3.006e-10  2.990e-10  2.975e-10  2.960e-10  2.944e-10  2.927e-10  2.910e-10  2.892e-10  2.873e-10  2.854e-10  2.835e-10  2.816e-10  2.797e-10  2.778e-10  2.760e-10  2.742e-10  2.725e-10  2.708e-10  2.691e-10  2.675e-10  2.660e-10  2.645e-10  2.631e-10  2.617e-10  2.603e-10  2.590e-10  2.578e-10  2.476e-10  2.406e-10  2.358e-10  2.284e-10
   55   11   10  3.195e-10  3.174e-10  3.179e-10  3.188e-10  3.197e-10  3.204e-10  3.210e-10  3.214e-10  3.216e-10  3.218e-10  3.219e-10  3.220e-10  3.222e-10  3.224e-10  3.226e-10  3.230e-10  3.235e-10  3.241e-10  3.248e-10  3.256e-10  3.265e-10  3.275e-10  3.287e-10  3.299e-10  3.312e-10  3.326e-10  3.342e-10  3.357e-10  3.374e-10  3.391e-10  3.593e-10  3.821e-10  4.052e-10  4.869e-10
   56   12    1  1.839e-11  1.855e-11  1.867e-11  1.877e-11  1.886e-11  1.893e-11  1.898e-11  1.900e-11  1.899e-11  1.896e-11  1.890e-11  1.883e-11  1.873e-11  1.862e-11  1.850e-11  1.837e-11  1.822e-11  1.808e-11  1.792e-11  1.776e-11  1.760e-11  1.744e-11  1.728e-11  1.711e-11  1.695e-11  1.678e-11  1.662e-11  1.646e-11  1.630e-11  1.614e-11  1.467e-11  1.342e-11  1.237e-11  9.568e-12
   57   12    2  5.355e-11  5.570e-11  5.722e-11  5.836e-11  5.922e-11  5.989e-11  6.037e-11  6.068e-11  6.086e-11  6.090e-11  6.084e-11  6.068e-11  6.045e-11  6.015e-11  5.980e-11  5.941e-11  5.897e-11  5.852e-11  5.803e-11  5.754e-11  5.702e-11  5.650e-11  5.598e-11  5.545e-11  5.492e-11  5.438e-11  5.385e-11  5.333e-11  5.280e-11  5.228e-11  4.745e-11  4.334e-11  3.990e-11  3.067e-11
   58   12    3  8.731e-11  8.922e-11  9.042e-11  9.130e-11  9.197e-11  9.247e-11  9.280e-11  9.296e-11  9.296e-11  9.281e-11  9.253e-11  9.214e-11  9.166e-11  9.109e-11  9.046e-11  8.978e-11  8.906e-11  8.830e-11  8.751e-11  8.671e-11  8.590e-11  8.507e-11  8.424e-11  8.341e-11  8.258e-11  8.175e-11  8.093e-11  8.011e-11  7.930e-11  7.850e-11  7.111e-11  6.487e-11  5.967e-11  4.580e-11
   59   12    4  1.210e-10  1.227e-10  1.236e-10  1.242e-10  1.246e-10  1.248e-10  1.249e-10  1.248e-10  1.245e-10  1.241e-10  1.235e-10  1.228e-10  1.220e-10  1.211e-10  1.201e-10  1.191e-10  1.180e-10  1.170e-10  1.158e-10  1.147e-10  1.136e-10  1.124e-10  1.113e-10  1.101e-10  1.090e-10  1.078e-10  1.067e-10  1.056e-10  1.045e-10  1.034e-10  9.352e-11  8.526e-11  7.840e-11  6.022e-11
   60   12    5  1.547e-10  1.564e-10  1.567e-10  1.565e-10  1.562e-10  1.557e-10  1.551e-10  1.543e-10  1.533e-10  1.522e-10  1.511e-10  1.498e-10  1.484e-10  1.470e-10  1.456e-10  1.441e-10  1.426e-10  1.410e-10  1.395e-10  1.380e-10  1.364e-10  1.349e-10  1.334e-10  1.319e-10  1.305e-10  1.290e-10  1.276e-10  1.262e-10  1.248e-10  1.235e-10  1.113e-10  1.013e-10  9.313e-11  7.193e-11
   61   12    6  1.860e-10  1.870e-10  1.871e-10  1.869e-10  1.865e-10  1.858e-10  1.850e-10  1.840e-10  1.828e-10  1.815e-10  1.800e-10  1.784e-10  1.768e-10  1.750e-10  1.733e-10  1.714e-10  1.696e-10  1.677e-10  1.659e-10  1.640e-10  1.622e-10  1.604e-10  1.586e-10  1.568e-10  1.550e-10  1.533e-10  1.516e-10  1.499e-10  1.483e-10  1.466e-10  1.321e-10  1.202e-10  1.105e-10  8.538e-11
   62   12    7  2.144e-10  2.137e-10  2.132e-10  2.127e-10  2.121e-10  2.113e-10  2.104e-10  2.092e-10  2.078e-10  2.063e-10  2.046e-10  2.028e-10  2.009e-10  1.989e-10  1.969e-10  1.948e-10  1.928e-10  1.907e-10  1.886e-10  1.865e-10  1.844e-10  1.823e-10  1.803e-10  1.783e-10  1.763e-10  1.744e-10  1.724e-10  1.706e-10  1.687e-10  1.669e-10  1.506e-10  1.374e-10  1.266e-10  9.854e-11
   63   12    8  2.392e-10  2.358e-10  2.339e-10  2.325e-10  2.314e-10  2.302e-10  2.289e-10  2.275e-10  2.260e-10  2.242e-10  2.223e-10  2.204e-10  2.183e-10  2.161e-10  2.139e-10  2.117e-10  2.095e-10  2.072e-10  2.050e-10  2.027e-10  2.005e-10  1.983e-10  1.962e-10  1.940e-10  1.919e-10  1.899e-10  1.878e-10  1.859e-10  1.839e-10  1.820e-10  1.650e-10  1.513e-10  1.402e-10  1.118e-10
   64   12    9  2.639e-10  2.592e-10  2.564e-10  2.543e-10  2.525e-10  2.508e-10  2.491e-10  2.473e-10  2.453e-10  2.433e-10  2.412e-10  2.390e-10  2.367e-10  2.344e-10  2.321e-10  2.298e-10  2.274e-10  2.251e-10  2.228e-10  2.205e-10  2.183e-10  2.161e-10  2.139e-10  2.118e-10  2.097e-10  2.077e-10  2.057e-10  2.037e-10  2.018e-10  2.000e-10  1.837e-10  1.710e-10  1.611e-10  1.384e-10
   65   12   10  2.878e-10  2.841e-10  2.825e-10  2.814e-10  2.804e-10  2.794e-10  2.782e-10  2.768e-10  2.753e-10  2.735e-10  2.717e-10  2.697e-10  2.677e-10  2.657e-10  2.636e-10  2.615e-10  2.595e-10  2.574e-10  2.555e-10  2.535e-10  2.516e-10  2.498e-10  2.480e-10  2.463e-10  2.447e-10  2.431e-10  2.416e-10  2.401e-10  2.387e-10  2.374e-10  2.267e-10  2.197e-10  2.152e-10  2.081e-10
   66   12   11  2.887e-10  2.897e-10  2.923e-10  2.951e-10  2.976e-10  2.999e-10  3.016e-10  3.030e-10  3.040e-10  3.048e-10  3.053e-10  3.056e-10  3.058e-10  3.060e-10  3.061e-10  3.062e-10  3.063e-10  3.065e-10  3.067e-10  3.070e-10  3.073e-10  3.078e-10  3.083e-10  3.089e-10  3.095e-10  3.103e-10  3.111e-10  3.121e-10  3.131e-10  3.141e-10  3.285e-10  3.472e-10  3.679e-10  4.500e-10

