#
# Table of transition probabilities for n' -> n of hydrogenic ions
#
# All Z-dependence has been removed in the numbers below. To use them
# they need to be modified as follows:
#
#   Aki = Ared * Z^4 * R_M(Z)
#
# where Aki is the true Einstein A coefficient in s^-1, Ared is number
# in the table below, Z is the atomic number (1=hydrogen, 2=helium, etc),
# and R_M(Z) is the reduced mass Rydberg constant in cm^-1 for the ion.
#
# The numbers were calculated using the routine ttp() from the ATLL@123
#
# Peter van Hoof, 2018-09-26
#
  201809260 # magic number
  100       # upper limit for n'
#
# column 1: quantum number n for lower level
# column 2: quantum number n' for upper level
# column 3: reduced transition probability Ared in cm/s (see above)
#
1	2	4.2841e+03
1	3	5.0832e+02
2	3	4.0210e+02
1	4	1.1657e+02
2	4	7.6764e+01
3	4	8.1932e+01
1	5	3.7611e+01
2	5	2.3071e+01
3	5	2.0066e+01
4	5	2.4611e+01
1	6	1.4990e+01
2	6	8.8732e+00
3	6	7.0961e+00
4	6	7.0306e+00
5	6	9.3492e+00
1	7	6.9007e+00
2	7	4.0016e+00
3	7	3.0622e+00
4	7	2.7731e+00
5	7	2.9658e+00
6	7	4.1583e+00
1	8	3.5280e+00
2	8	2.0194e+00
3	8	1.5050e+00
4	8	1.2985e+00
5	8	1.2653e+00
6	8	1.4232e+00
7	8	2.0716e+00
1	9	1.9535e+00
2	9	1.1084e+00
3	9	8.1192e-01
4	9	6.8011e-01
5	9	6.2983e-01
6	9	6.4418e-01
7	9	7.5102e-01
8	9	1.1241e+00
1	10	1.1517e+00
2	10	6.4939e-01
3	10	4.7008e-01
4	10	3.8611e-01
5	10	3.4646e-01
6	10	3.3627e-01
7	10	3.5603e-01
8	10	4.2636e-01
9	10	6.5204e-01
1	11	7.1429e-01
2	11	4.0092e-01
3	11	2.8774e-01
4	11	2.3310e-01
5	11	2.0478e-01
6	11	1.9234e-01
7	11	1.9305e-01
8	11	2.0977e-01
9	11	2.5649e-01
10	11	3.9905e-01
1	12	4.6190e-01
2	12	2.5837e-01
3	12	1.8424e-01
4	12	1.4775e-01
5	12	1.2787e-01
6	12	1.1747e-01
7	12	1.1400e-01
8	12	1.1734e-01
9	12	1.3010e-01
10	12	1.6175e-01
11	12	2.5519e-01
1	13	3.0934e-01
2	13	1.7257e-01
3	13	1.2245e-01
4	13	9.7457e-02
5	13	8.3409e-02
6	13	7.5418e-02
7	13	7.1534e-02
8	13	7.1151e-02
9	13	7.4691e-02
10	13	8.4164e-02
11	13	1.0607e-01
12	13	1.6931e-01
1	14	2.1344e-01
2	14	1.1882e-01
3	14	8.3988e-02
4	14	6.6448e-02
5	14	5.6390e-02
6	14	5.0388e-02
7	14	4.7012e-02
8	14	4.5678e-02
9	14	4.6315e-02
10	14	4.9392e-02
11	14	5.6398e-02
12	14	7.1886e-02
13	14	1.1588e-01
1	15	1.5110e-01
2	15	8.3974e-02
3	15	5.9174e-02
4	15	4.6597e-02
5	15	3.9282e-02
6	15	3.4784e-02
7	15	3.2056e-02
8	15	3.0623e-02
9	15	3.0319e-02
10	15	3.1220e-02
11	15	3.3728e-02
12	15	3.8940e-02
13	15	5.0111e-02
14	15	8.1461e-02
1	16	1.0939e-01
2	16	6.0708e-02
3	16	4.2671e-02
4	16	3.3475e-02
5	16	2.8071e-02
6	16	2.4680e-02
7	16	2.2528e-02
8	16	2.1249e-02
9	16	2.0678e-02
10	16	2.0785e-02
11	16	2.1675e-02
12	16	2.3671e-02
13	16	2.7587e-02
14	16	3.5794e-02
15	16	5.8611e-02
1	17	8.0760e-02
2	17	4.4768e-02
3	17	3.1402e-02
4	17	2.4558e-02
5	17	2.0506e-02
6	17	1.7925e-02
7	17	1.6240e-02
8	17	1.5168e-02
9	17	1.4569e-02
10	17	1.4389e-02
11	17	1.4645e-02
12	17	1.5435e-02
13	17	1.7012e-02
14	17	1.9986e-02
15	17	2.6117e-02
16	17	4.3038e-02
1	18	6.0669e-02
2	18	3.3599e-02
3	18	2.3527e-02
4	18	1.8352e-02
5	18	1.5269e-02
6	18	1.3286e-02
7	18	1.1964e-02
8	18	1.1086e-02
9	18	1.0542e-02
10	18	1.0275e-02
11	18	1.0273e-02
12	18	1.0565e-02
13	18	1.1236e-02
14	18	1.2481e-02
15	18	1.4766e-02
16	18	1.9416e-02
17	18	3.2176e-02
1	19	4.6288e-02
2	19	2.5614e-02
3	19	1.7910e-02
4	19	1.3940e-02
5	19	1.1564e-02
6	19	1.0023e-02
7	19	8.9806e-03
8	19	8.2697e-03
9	19	7.8001e-03
10	19	7.5244e-03
11	19	7.4227e-03
12	19	7.4980e-03
13	19	7.7794e-03
14	19	8.3377e-03
15	19	9.3258e-03
16	19	1.1100e-02
17	19	1.4677e-02
18	19	2.4443e-02
1	20	3.5811e-02
2	20	1.9802e-02
3	20	1.3829e-02
4	20	1.0744e-02
5	20	8.8907e-03
6	20	7.6806e-03
7	20	6.8536e-03
8	20	6.2782e-03
9	20	5.8831e-03
10	20	5.6286e-03
11	20	5.4945e-03
12	20	5.4752e-03
13	20	5.5790e-03
14	20	5.8327e-03
15	20	6.2935e-03
16	20	7.0817e-03
17	20	8.4749e-03
18	20	1.1260e-02
19	20	1.8837e-02
1	21	2.8054e-02
2	21	1.5504e-02
3	21	1.0816e-02
4	21	8.3898e-03
5	21	6.9278e-03
6	21	5.9684e-03
7	21	5.3072e-03
8	21	4.8406e-03
9	21	4.5115e-03
10	21	4.2875e-03
11	21	4.1503e-03
12	21	4.0920e-03
13	21	4.1127e-03
14	21	4.2223e-03
15	21	4.4436e-03
16	21	4.8231e-03
17	21	5.4560e-03
18	21	6.5608e-03
19	21	8.7551e-03
20	21	1.4705e-02
1	22	2.2229e-02
2	22	1.2279e-02
3	22	8.5577e-03
4	22	6.6292e-03
5	22	5.4641e-03
6	22	4.6963e-03
7	22	4.1637e-03
8	22	3.7837e-03
9	22	3.5106e-03
10	22	3.3178e-03
11	22	3.1897e-03
12	22	3.1182e-03
13	22	3.1005e-03
14	22	3.1393e-03
15	22	3.2441e-03
16	22	3.4340e-03
17	22	3.7468e-03
18	22	4.2585e-03
19	22	5.1429e-03
20	22	6.8900e-03
21	22	1.1614e-02
1	23	1.7797e-02
2	23	9.8260e-03
3	23	6.8428e-03
4	23	5.2946e-03
5	23	4.3571e-03
6	23	3.7373e-03
7	23	3.3050e-03
8	23	2.9940e-03
9	23	2.7673e-03
10	23	2.6032e-03
11	23	2.4885e-03
12	23	2.4158e-03
13	23	2.3815e-03
14	23	2.3853e-03
15	23	2.4308e-03
16	23	2.5263e-03
17	23	2.6881e-03
18	23	2.9466e-03
19	23	3.3632e-03
20	23	4.0774e-03
21	23	5.4821e-03
22	23	9.2713e-03
1	24	1.4384e-02
2	24	7.9386e-03
3	24	5.5246e-03
4	24	4.2702e-03
5	24	3.5093e-03
6	24	3.0047e-03
7	24	2.6514e-03
8	24	2.3954e-03
9	24	2.2068e-03
10	24	2.0677e-03
11	24	1.9673e-03
12	24	1.8988e-03
13	24	1.8586e-03
14	24	1.8454e-03
15	24	1.8602e-03
16	24	1.9064e-03
17	24	1.9915e-03
18	24	2.1287e-03
19	24	2.3432e-03
20	24	2.6847e-03
21	24	3.2663e-03
22	24	4.4057e-03
23	24	7.4733e-03
1	25	1.1727e-02
2	25	6.4701e-03
3	25	4.4998e-03
4	25	3.4750e-03
5	25	2.8523e-03
6	25	2.4385e-03
7	25	2.1476e-03
8	25	1.9357e-03
9	25	1.7783e-03
10	25	1.6606e-03
11	25	1.5735e-03
12	25	1.5114e-03
13	25	1.4708e-03
14	25	1.4499e-03
15	25	1.4487e-03
16	25	1.4685e-03
17	25	1.5126e-03
18	25	1.5872e-03
19	25	1.7036e-03
20	25	1.8823e-03
21	25	2.1641e-03
22	25	2.6413e-03
23	25	3.5733e-03
24	25	6.0779e-03
1	26	9.6383e-03
2	26	5.3159e-03
3	26	3.6951e-03
4	26	2.8512e-03
5	26	2.3378e-03
6	26	1.9959e-03
7	26	1.7548e-03
8	26	1.5785e-03
9	26	1.4466e-03
10	26	1.3469e-03
11	26	1.2719e-03
12	26	1.2166e-03
13	26	1.1781e-03
14	26	1.1545e-03
15	26	1.1453e-03
16	26	1.1506e-03
17	26	1.1721e-03
18	26	1.2127e-03
19	26	1.2777e-03
20	26	1.3765e-03
21	26	1.5261e-03
22	26	1.7601e-03
23	26	2.1545e-03
24	26	2.9226e-03
25	26	4.9838e-03
1	27	7.9802e-03
2	27	4.4002e-03
3	27	3.0571e-03
4	27	2.3573e-03
5	27	1.9310e-03
6	27	1.6466e-03
7	27	1.4456e-03
8	27	1.2980e-03
9	27	1.1870e-03
10	27	1.1024e-03
11	27	1.0378e-03
12	27	9.8920e-04
13	27	9.5384e-04
14	27	9.3009e-04
15	27	9.1711e-04
16	27	9.1475e-04
17	27	9.2356e-04
18	27	9.4498e-04
19	27	9.8163e-04
20	27	1.0381e-03
21	27	1.1221e-03
22	27	1.2479e-03
23	27	1.4434e-03
24	27	1.7716e-03
25	27	2.4091e-03
26	27	4.1177e-03
1	28	6.6530e-03
2	28	3.6675e-03
3	28	2.5469e-03
4	28	1.9626e-03
5	28	1.6063e-03
6	28	1.3683e-03
7	28	1.1997e-03
8	28	1.0755e-03
9	28	9.8164e-04
10	28	9.0965e-04
11	28	8.5415e-04
12	28	8.1162e-04
13	28	7.7978e-04
14	28	7.5712e-04
15	28	7.4278e-04
16	28	7.3639e-04
17	28	7.3806e-04
18	28	7.4843e-04
19	28	7.6883e-04
20	28	8.0156e-04
21	28	8.5045e-04
22	28	9.2212e-04
23	28	1.0284e-03
24	28	1.1927e-03
25	28	1.4675e-03
26	28	2.0002e-03
27	28	3.4262e-03
1	29	5.5820e-03
2	29	3.0764e-03
3	29	2.1356e-03
4	29	1.6448e-03
5	29	1.3452e-03
6	29	1.1447e-03
7	29	1.0025e-03
8	29	8.9744e-04
9	29	8.1776e-04
10	29	7.5630e-04
11	29	7.0851e-04
12	29	6.7143e-04
13	29	6.4306e-04
14	29	6.2208e-04
15	29	6.0766e-04
16	29	5.9935e-04
17	29	5.9705e-04
18	29	6.0100e-04
19	29	6.1185e-04
20	29	6.3078e-04
21	29	6.5979e-04
22	29	7.0217e-04
23	29	7.6348e-04
24	29	8.5372e-04
25	29	9.9250e-04
26	29	1.2239e-03
27	29	1.6718e-03
28	29	2.8694e-03
1	30	4.7114e-03
2	30	2.5961e-03
3	30	1.8016e-03
4	30	1.3868e-03
5	30	1.1334e-03
6	30	9.6368e-04
7	30	8.4304e-04
8	30	7.5376e-04
9	30	6.8581e-04
10	30	6.3316e-04
11	30	5.9195e-04
12	30	5.5964e-04
13	30	5.3452e-04
14	30	5.1543e-04
15	30	5.0160e-04
16	30	4.9259e-04
17	30	4.8817e-04
18	30	4.8838e-04
19	30	4.9353e-04
20	30	5.0422e-04
21	30	5.2152e-04
22	30	5.4714e-04
23	30	5.8390e-04
24	30	6.3653e-04
25	30	7.1348e-04
26	30	8.3132e-04
27	30	1.0273e-03
28	30	1.4060e-03
29	30	2.4177e-03
1	31	3.9988e-03
2	31	2.2030e-03
3	31	1.5283e-03
4	31	1.1759e-03
5	31	9.6044e-04
6	31	8.1600e-04
7	31	7.1318e-04
8	31	6.3693e-04
9	31	5.7874e-04
10	31	5.3348e-04
11	31	4.9785e-04
12	31	4.6969e-04
13	31	4.4752e-04
14	31	4.3033e-04
15	31	4.1743e-04
16	31	4.0838e-04
17	31	4.0293e-04
18	31	4.0101e-04
19	31	4.0274e-04
20	31	4.0841e-04
21	31	4.1861e-04
22	31	4.3426e-04
23	31	4.5685e-04
24	31	4.8879e-04
25	31	5.3411e-04
26	31	6.0000e-04
27	31	7.0056e-04
28	31	8.6742e-04
29	31	1.1894e-03
30	31	2.0488e-03
1	32	3.4117e-03
2	32	1.8793e-03
3	32	1.3033e-03
4	32	1.0024e-03
5	32	8.1826e-04
6	32	6.9472e-04
7	32	6.0666e-04
8	32	5.4125e-04
9	32	4.9121e-04
10	32	4.5216e-04
11	32	4.2129e-04
12	32	3.9672e-04
13	32	3.7718e-04
14	32	3.6180e-04
15	32	3.4995e-04
16	32	3.4124e-04
17	32	3.3540e-04
18	32	3.3232e-04
19	32	3.3201e-04
20	32	3.3460e-04
21	32	3.4040e-04
22	32	3.4992e-04
23	32	3.6399e-04
24	32	3.8389e-04
25	32	4.1170e-04
26	32	4.5086e-04
27	32	5.0753e-04
28	32	5.9373e-04
29	32	7.3649e-04
30	32	1.0116e-03
31	32	1.7453e-03
1	33	2.9251e-03
2	33	1.6110e-03
3	33	1.1170e-03
4	33	8.5871e-04
5	33	7.0064e-04
6	33	5.9447e-04
7	33	5.1872e-04
8	33	4.6236e-04
9	33	4.1917e-04
10	33	3.8536e-04
11	33	3.5853e-04
12	33	3.3705e-04
13	33	3.1984e-04
14	33	3.0613e-04
15	33	2.9536e-04
16	33	2.8718e-04
17	33	2.8133e-04
18	33	2.7767e-04
19	33	2.7616e-04
20	33	2.7686e-04
21	33	2.7990e-04
22	33	2.8558e-04
23	33	2.9436e-04
24	33	3.0696e-04
25	33	3.2450e-04
26	33	3.4877e-04
27	33	3.8272e-04
28	33	4.3165e-04
29	33	5.0588e-04
30	33	6.2858e-04
31	33	8.6475e-04
32	33	1.4943e-03
1	34	2.5194e-03
2	34	1.3874e-03
3	34	9.6169e-04
4	34	7.3908e-04
5	34	6.0275e-04
6	34	5.1113e-04
7	34	4.4568e-04
8	34	3.9693e-04
9	34	3.5950e-04
10	34	3.3013e-04
11	34	3.0674e-04
12	34	2.8793e-04
13	34	2.7276e-04
14	34	2.6055e-04
15	34	2.5083e-04
16	34	2.4326e-04
17	34	2.3761e-04
18	34	2.3374e-04
19	34	2.3157e-04
20	34	2.3110e-04
21	34	2.3240e-04
22	34	2.3564e-04
23	34	2.4106e-04
24	34	2.4909e-04
25	34	2.6035e-04
26	34	2.7582e-04
27	34	2.9704e-04
28	34	3.2658e-04
29	34	3.6899e-04
30	34	4.3317e-04
31	34	5.3909e-04
32	34	7.4277e-04
33	34	1.2853e-03
1	35	2.1794e-03
2	35	1.2000e-03
3	35	8.3162e-04
4	35	6.3892e-04
5	35	5.2085e-04
6	35	4.4144e-04
7	35	3.8467e-04
8	35	3.4233e-04
9	35	3.0977e-04
10	35	2.8417e-04
11	35	2.6372e-04
12	35	2.4722e-04
13	35	2.3384e-04
14	35	2.2298e-04
15	35	2.1423e-04
16	35	2.0730e-04
17	35	2.0196e-04
18	35	1.9808e-04
19	35	1.9558e-04
20	35	1.9442e-04
21	35	1.9463e-04
22	35	1.9629e-04
23	35	1.9955e-04
24	35	2.0465e-04
25	35	2.1195e-04
26	35	2.2200e-04
27	35	2.3566e-04
28	35	2.5427e-04
29	35	2.8005e-04
30	35	3.1694e-04
31	35	3.7266e-04
32	35	4.6447e-04
33	35	6.4086e-04
34	35	1.1105e-03
1	36	1.8930e-03
2	36	1.0422e-03
3	36	7.2211e-04
4	36	5.5462e-04
5	36	4.5196e-04
6	36	3.8287e-04
7	36	3.3344e-04
8	36	2.9653e-04
9	36	2.6811e-04
10	36	2.4572e-04
11	36	2.2780e-04
12	36	2.1328e-04
13	36	2.0145e-04
14	36	1.9180e-04
15	36	1.8394e-04
16	36	1.7763e-04
17	36	1.7266e-04
18	36	1.6890e-04
19	36	1.6627e-04
20	36	1.6472e-04
21	36	1.6425e-04
22	36	1.6490e-04
23	36	1.6674e-04
24	36	1.6992e-04
25	36	1.7466e-04
26	36	1.8127e-04
27	36	1.9025e-04
28	36	2.0233e-04
29	36	2.1869e-04
30	36	2.4125e-04
31	36	2.7346e-04
32	36	3.2201e-04
33	36	4.0191e-04
34	36	5.5529e-04
35	36	9.6342e-04
1	37	1.6506e-03
2	37	9.0863e-04
3	37	6.2946e-04
4	37	4.8334e-04
5	37	3.9372e-04
6	37	3.3339e-04
7	37	2.9019e-04
8	37	2.5791e-04
9	37	2.3301e-04
10	37	2.1337e-04
11	37	1.9762e-04
12	37	1.8482e-04
13	37	1.7435e-04
14	37	1.6576e-04
15	37	1.5871e-04
16	37	1.5299e-04
17	37	1.4840e-04
18	37	1.4483e-04
19	37	1.4220e-04
20	37	1.4046e-04
21	37	1.3957e-04
22	37	1.3957e-04
23	37	1.4048e-04
24	37	1.4240e-04
25	37	1.4544e-04
26	37	1.4980e-04
27	37	1.5578e-04
28	37	1.6380e-04
29	37	1.7450e-04
30	37	1.8892e-04
31	37	2.0874e-04
32	37	2.3695e-04
33	37	2.7941e-04
34	37	3.4920e-04
35	37	4.8306e-04
36	37	8.3911e-04
1	38	1.4445e-03
2	38	7.9511e-04
3	38	5.5072e-04
4	38	4.2277e-04
5	38	3.4428e-04
6	38	2.9140e-04
7	38	2.5352e-04
8	38	2.2518e-04
9	38	2.0331e-04
10	38	1.8603e-04
11	38	1.7213e-04
12	38	1.6083e-04
13	38	1.5154e-04
14	38	1.4388e-04
15	38	1.3757e-04
16	38	1.3239e-04
17	38	1.2818e-04
18	38	1.2484e-04
19	38	1.2229e-04
20	38	1.2047e-04
21	38	1.1935e-04
22	38	1.1893e-04
23	38	1.1924e-04
24	38	1.2030e-04
25	38	1.2221e-04
26	38	1.2508e-04
27	38	1.2909e-04
28	38	1.3449e-04
29	38	1.4165e-04
30	38	1.5115e-04
31	38	1.6389e-04
32	38	1.8135e-04
33	38	2.0614e-04
34	38	2.4339e-04
35	38	3.0457e-04
36	38	4.2182e-04
37	38	7.3357e-04
1	39	1.2685e-03
2	39	6.9819e-04
3	39	4.8352e-04
4	39	3.7109e-04
5	39	3.0210e-04
6	39	2.5561e-04
7	39	2.2228e-04
8	39	1.9733e-04
9	39	1.7805e-04
10	39	1.6280e-04
11	39	1.5052e-04
12	39	1.4050e-04
13	39	1.3225e-04
14	39	1.2542e-04
15	39	1.1976e-04
16	39	1.1507e-04
17	39	1.1123e-04
18	39	1.0813e-04
19	39	1.0570e-04
20	39	1.0388e-04
21	39	1.0264e-04
22	39	1.0197e-04
23	39	1.0187e-04
24	39	1.0237e-04
25	39	1.0352e-04
26	39	1.0538e-04
27	39	1.0806e-04
28	39	1.1173e-04
29	39	1.1660e-04
30	39	1.2300e-04
31	39	1.3146e-04
32	39	1.4274e-04
33	39	1.5816e-04
34	39	1.8002e-04
35	39	2.1281e-04
36	39	2.6661e-04
37	39	3.6967e-04
38	39	6.4356e-04
1	40	1.1177e-03
2	40	6.1511e-04
3	40	4.2592e-04
4	40	3.2682e-04
5	40	2.6599e-04
6	40	2.2497e-04
7	40	1.9555e-04
8	40	1.7352e-04
9	40	1.5648e-04
10	40	1.4298e-04
11	40	1.3209e-04
12	40	1.2319e-04
13	40	1.1585e-04
14	40	1.0975e-04
15	40	1.0467e-04
16	40	1.0044e-04
17	40	9.6942e-05
18	40	9.4080e-05
19	40	9.1787e-05
20	40	9.0014e-05
21	40	8.8728e-05
22	40	8.7912e-05
23	40	8.7561e-05
24	40	8.7686e-05
25	40	8.8312e-05
26	40	8.9483e-05
27	40	9.1266e-05
28	40	9.3759e-05
29	40	9.7101e-05
30	40	1.0149e-04
31	40	1.0723e-04
32	40	1.1476e-04
33	40	1.2478e-04
34	40	1.3844e-04
35	40	1.5777e-04
36	40	1.8672e-04
37	40	2.3419e-04
38	40	3.2506e-04
39	40	5.6648e-04
1	41	9.8785e-04
2	41	5.4361e-04
3	41	3.7636e-04
4	41	2.8874e-04
5	41	2.3493e-04
6	41	1.9864e-04
7	41	1.7260e-04
8	41	1.5308e-04
9	41	1.3797e-04
10	41	1.2599e-04
11	41	1.1632e-04
12	41	1.0840e-04
13	41	1.0185e-04
14	41	9.6389e-05
15	41	9.1825e-05
16	41	8.8008e-05
17	41	8.4826e-05
18	41	8.2197e-05
19	41	8.0056e-05
20	41	7.8360e-05
21	41	7.7075e-05
22	41	7.6183e-05
23	41	7.5673e-05
24	41	7.5548e-05
25	41	7.5820e-05
26	41	7.6517e-05
27	41	7.7679e-05
28	41	7.9368e-05
29	41	8.1673e-05
30	41	8.4718e-05
31	41	8.8683e-05
32	41	9.3831e-05
33	41	1.0056e-04
34	41	1.0947e-04
35	41	1.2160e-04
36	41	1.3874e-04
37	41	1.6439e-04
38	41	2.0639e-04
39	41	2.8676e-04
40	41	5.0022e-04
1	42	8.7570e-04
2	42	4.8186e-04
3	42	3.3357e-04
4	42	2.5586e-04
5	42	2.0813e-04
6	42	1.7593e-04
7	42	1.5281e-04
8	42	1.3547e-04
9	42	1.2204e-04
10	42	1.1138e-04
11	42	1.0276e-04
12	42	9.5698e-05
13	42	8.9840e-05
14	42	8.4949e-05
15	42	8.0845e-05
16	42	7.7397e-05
17	42	7.4506e-05
18	42	7.2096e-05
19	42	7.0110e-05
20	42	6.8506e-05
21	42	6.7253e-05
22	42	6.6330e-05
23	42	6.5727e-05
24	42	6.5439e-05
25	42	6.5472e-05
26	42	6.5841e-05
27	42	6.6572e-05
28	42	6.7703e-05
29	42	6.9290e-05
30	42	7.1414e-05
31	42	7.4187e-05
32	42	7.7768e-05
33	42	8.2392e-05
34	42	8.8408e-05
35	42	9.6365e-05
36	42	1.0716e-04
37	42	1.2240e-04
38	42	1.4518e-04
39	42	1.8246e-04
40	42	2.5376e-04
41	42	4.4305e-04
1	43	7.7849e-04
2	43	4.2834e-04
3	43	2.9649e-04
4	43	2.2738e-04
5	43	1.8492e-04
6	43	1.5627e-04
7	43	1.3569e-04
8	43	1.2024e-04
9	43	1.0827e-04
10	43	9.8765e-05
11	43	9.1070e-05
12	43	8.4750e-05
13	43	7.9503e-05
14	43	7.5112e-05
15	43	7.1417e-05
16	43	6.8301e-05
17	43	6.5674e-05
18	43	6.3469e-05
19	43	6.1633e-05
20	43	6.0129e-05
21	43	5.8926e-05
22	43	5.8005e-05
23	43	5.7353e-05
24	43	5.6962e-05
25	43	5.6835e-05
26	43	5.6978e-05
27	43	5.7406e-05
28	43	5.8145e-05
29	43	5.9231e-05
30	43	6.0714e-05
31	43	6.2668e-05
32	43	6.5191e-05
33	43	6.8429e-05
34	43	7.2588e-05
35	43	7.7982e-05
36	43	8.5097e-05
37	43	9.4736e-05
38	43	1.0832e-04
39	43	1.2860e-04
40	43	1.6178e-04
41	43	2.2520e-04
42	43	3.9354e-04
1	44	6.9394e-04
2	44	3.8180e-04
3	44	2.6424e-04
4	44	2.0262e-04
5	44	1.6475e-04
6	44	1.3918e-04
7	44	1.2082e-04
8	44	1.0703e-04
9	44	9.6331e-05
10	44	8.7830e-05
11	44	8.0942e-05
12	44	7.5279e-05
13	44	7.0569e-05
14	44	6.6620e-05
15	44	6.3289e-05
16	44	6.0470e-05
17	44	5.8083e-05
18	44	5.6067e-05
19	44	5.4376e-05
20	44	5.2973e-05
21	44	5.1831e-05
22	44	5.0931e-05
23	44	5.0260e-05
24	44	4.9809e-05
25	44	4.9575e-05
26	44	4.9563e-05
27	44	4.9780e-05
28	44	5.0242e-05
29	44	5.0973e-05
30	44	5.2005e-05
31	44	5.3385e-05
32	44	5.5179e-05
33	44	5.7476e-05
34	44	6.0406e-05
35	44	6.4153e-05
36	44	6.8998e-05
37	44	7.5375e-05
38	44	8.3999e-05
39	44	9.6136e-05
40	44	1.1425e-04
41	44	1.4385e-04
42	44	2.0042e-04
43	44	3.5053e-04
1	45	6.2018e-04
2	45	3.4120e-04
3	45	2.3612e-04
4	45	1.8102e-04
5	45	1.4716e-04
6	45	1.2430e-04
7	45	1.0786e-04
8	45	9.5519e-05
9	45	8.5940e-05
10	45	7.8320e-05
11	45	7.2141e-05
12	45	6.7055e-05
13	45	6.2820e-05
14	45	5.9262e-05
15	45	5.6254e-05
16	45	5.3701e-05
17	45	5.1532e-05
18	45	4.9690e-05
19	45	4.8134e-05
20	45	4.6831e-05
21	45	4.5756e-05
22	45	4.4890e-05
23	45	4.4219e-05
24	45	4.3736e-05
25	45	4.3435e-05
26	45	4.3318e-05
27	45	4.3387e-05
28	45	4.3653e-05
29	45	4.4130e-05
30	45	4.4840e-05
31	45	4.5815e-05
32	45	4.7095e-05
33	45	4.8741e-05
34	45	5.0833e-05
35	45	5.3487e-05
36	45	5.6869e-05
37	45	6.1229e-05
38	45	6.6956e-05
39	45	7.4690e-05
40	45	8.5562e-05
41	45	1.0177e-04
42	45	1.2826e-04
43	45	1.7884e-04
44	45	3.1303e-04
1	46	5.5563e-04
2	46	3.0567e-04
3	46	2.1151e-04
4	46	1.6214e-04
5	46	1.3179e-04
6	46	1.1128e-04
7	46	9.6543e-05
8	46	8.5467e-05
9	46	7.6868e-05
10	46	7.0023e-05
11	46	6.4468e-05
12	46	5.9891e-05
13	46	5.6075e-05
14	46	5.2864e-05
15	46	5.0144e-05
16	46	4.7830e-05
17	46	4.5857e-05
18	46	4.4174e-05
19	46	4.2744e-05
20	46	4.1537e-05
21	46	4.0530e-05
22	46	3.9705e-05
23	46	3.9049e-05
24	46	3.8553e-05
25	46	3.8213e-05
26	46	3.8025e-05
27	46	3.7991e-05
28	46	3.8118e-05
29	46	3.8414e-05
30	46	3.8893e-05
31	46	3.9576e-05
32	46	4.0491e-05
33	46	4.1677e-05
34	46	4.3186e-05
35	46	4.5092e-05
36	46	4.7499e-05
37	46	5.0556e-05
38	46	5.4488e-05
39	46	5.9642e-05
40	46	6.6593e-05
41	46	7.6354e-05
42	46	9.0898e-05
43	46	1.1465e-04
44	46	1.5999e-04
45	46	2.8025e-04
1	47	4.9898e-04
2	47	2.7449e-04
3	47	1.8992e-04
4	47	1.4557e-04
5	47	1.1830e-04
6	47	9.9872e-05
7	47	8.6621e-05
8	47	7.6661e-05
9	47	6.8924e-05
10	47	6.2762e-05
11	47	5.7757e-05
12	47	5.3630e-05
13	47	5.0185e-05
14	47	4.7282e-05
15	47	4.4819e-05
16	47	4.2718e-05
17	47	4.0922e-05
18	47	3.9385e-05
19	47	3.8072e-05
20	47	3.6956e-05
21	47	3.6016e-05
22	47	3.5236e-05
23	47	3.4603e-05
24	47	3.4108e-05
25	47	3.3746e-05
26	47	3.3513e-05
27	47	3.3409e-05
28	47	3.3437e-05
29	47	3.3603e-05
30	47	3.3915e-05
31	47	3.4387e-05
32	47	3.5039e-05
33	47	3.5895e-05
34	47	3.6991e-05
35	47	3.8375e-05
36	47	4.0113e-05
37	47	4.2299e-05
38	47	4.5067e-05
39	47	4.8618e-05
40	47	5.3266e-05
41	47	5.9527e-05
42	47	6.8310e-05
43	47	8.1389e-05
44	47	1.0273e-04
45	47	1.4347e-04
46	47	2.5150e-04
1	48	4.4911e-04
2	48	2.4705e-04
3	48	1.7092e-04
4	48	1.3099e-04
5	48	1.0643e-04
6	48	8.9838e-05
7	48	7.7900e-05
8	48	6.8923e-05
9	48	6.1947e-05
10	48	5.6388e-05
11	48	5.1870e-05
12	48	4.8141e-05
13	48	4.5026e-05
14	48	4.2397e-05
15	48	4.0163e-05
16	48	3.8254e-05
17	48	3.6617e-05
18	48	3.5212e-05
19	48	3.4007e-05
20	48	3.2977e-05
21	48	3.2102e-05
22	48	3.1368e-05
23	48	3.0763e-05
24	48	3.0279e-05
25	48	2.9908e-05
26	48	2.9648e-05
27	48	2.9497e-05
28	48	2.9456e-05
29	48	2.9527e-05
30	48	2.9718e-05
31	48	3.0037e-05
32	48	3.0496e-05
33	48	3.1114e-05
34	48	3.1913e-05
35	48	3.2925e-05
36	48	3.4195e-05
37	48	3.5781e-05
38	48	3.7768e-05
39	48	4.0278e-05
40	48	4.3492e-05
41	48	4.7692e-05
42	48	5.3342e-05
43	48	6.1263e-05
44	48	7.3048e-05
45	48	9.2274e-05
46	48	1.2896e-04
47	48	2.2622e-04
1	49	4.0511e-04
2	49	2.2283e-04
3	49	1.5415e-04
4	49	1.1813e-04
5	49	9.5968e-05
6	49	8.0990e-05
7	49	7.0212e-05
8	49	6.2105e-05
9	49	5.5802e-05
10	49	5.0777e-05
11	49	4.6691e-05
12	49	4.3316e-05
13	49	4.0493e-05
14	49	3.8108e-05
15	49	3.6079e-05
16	49	3.4342e-05
17	49	3.2849e-05
18	49	3.1564e-05
19	49	3.0457e-05
20	49	2.9507e-05
21	49	2.8695e-05
22	49	2.8007e-05
23	49	2.7433e-05
24	49	2.6964e-05
25	49	2.6595e-05
26	49	2.6320e-05
27	49	2.6138e-05
28	49	2.6049e-05
29	49	2.6054e-05
30	49	2.6157e-05
31	49	2.6363e-05
32	49	2.6682e-05
33	49	2.7124e-05
34	49	2.7706e-05
35	49	2.8450e-05
36	49	2.9385e-05
37	49	3.0550e-05
38	49	3.1999e-05
39	49	3.3808e-05
40	49	3.6088e-05
41	49	3.9001e-05
42	49	4.2803e-05
43	49	4.7913e-05
44	49	5.5070e-05
45	49	6.5713e-05
46	49	8.3068e-05
47	49	1.1617e-04
48	49	2.0393e-04
1	50	3.6619e-04
2	50	2.0141e-04
3	50	1.3932e-04
4	50	1.0675e-04
5	50	8.6715e-05
6	50	7.3169e-05
7	50	6.3418e-05
8	50	5.6082e-05
9	50	5.0376e-05
10	50	4.5825e-05
11	50	4.2122e-05
12	50	3.9061e-05
13	50	3.6499e-05
14	50	3.4333e-05
15	50	3.2486e-05
16	50	3.0903e-05
17	50	2.9540e-05
18	50	2.8364e-05
19	50	2.7348e-05
20	50	2.6472e-05
21	50	2.5719e-05
22	50	2.5076e-05
23	50	2.4534e-05
24	50	2.4085e-05
25	50	2.3722e-05
26	50	2.3442e-05
27	50	2.3242e-05
28	50	2.3120e-05
29	50	2.3078e-05
30	50	2.3117e-05
31	50	2.3241e-05
32	50	2.3455e-05
33	50	2.3768e-05
34	50	2.4191e-05
35	50	2.4739e-05
36	50	2.5431e-05
37	50	2.6293e-05
38	50	2.7362e-05
39	50	2.8687e-05
40	50	3.0337e-05
41	50	3.2410e-05
42	50	3.5056e-05
43	50	3.8504e-05
44	50	4.3134e-05
45	50	4.9614e-05
46	50	5.9245e-05
47	50	7.4943e-05
48	50	1.0488e-04
49	50	1.8422e-04
1	51	3.3166e-04
2	51	1.8242e-04
3	51	1.2618e-04
4	51	9.6667e-05
5	51	7.8513e-05
6	51	6.6237e-05
7	51	5.7399e-05
8	51	5.0747e-05
9	51	4.5572e-05
10	51	4.1442e-05
11	51	3.8080e-05
12	51	3.5300e-05
13	51	3.2971e-05
14	51	3.0999e-05
15	51	2.9317e-05
16	51	2.7873e-05
17	51	2.6627e-05
18	51	2.5549e-05
19	51	2.4616e-05
20	51	2.3808e-05
21	51	2.3110e-05
22	51	2.2512e-05
23	51	2.2002e-05
24	51	2.1574e-05
25	51	2.1222e-05
26	51	2.0943e-05
27	51	2.0732e-05
28	51	2.0590e-05
29	51	2.0514e-05
30	51	2.0507e-05
31	51	2.0570e-05
32	51	2.0708e-05
33	51	2.0925e-05
34	51	2.1230e-05
35	51	2.1632e-05
36	51	2.2146e-05
37	51	2.2788e-05
38	51	2.3584e-05
39	51	2.4566e-05
40	51	2.5779e-05
41	51	2.7285e-05
42	51	2.9174e-05
43	51	3.1581e-05
44	51	3.4713e-05
45	51	3.8916e-05
46	51	4.4794e-05
47	51	5.3525e-05
48	51	6.7753e-05
49	51	9.4877e-05
50	51	1.6675e-04
1	52	3.0097e-04
2	52	1.6553e-04
3	52	1.1449e-04
4	52	8.7705e-05
5	52	7.1225e-05
6	52	6.0079e-05
7	52	5.2053e-05
8	52	4.6011e-05
9	52	4.1308e-05
10	52	3.7554e-05
11	52	3.4497e-05
12	52	3.1967e-05
13	52	2.9845e-05
14	52	2.8049e-05
15	52	2.6514e-05
16	52	2.5194e-05
17	52	2.4054e-05
18	52	2.3066e-05
19	52	2.2208e-05
20	52	2.1463e-05
21	52	2.0817e-05
22	52	2.0260e-05
23	52	1.9782e-05
24	52	1.9376e-05
25	52	1.9039e-05
26	52	1.8764e-05
27	52	1.8550e-05
28	52	1.8394e-05
29	52	1.8296e-05
30	52	1.8256e-05
31	52	1.8275e-05
32	52	1.8355e-05
33	52	1.8501e-05
34	52	1.8717e-05
35	52	1.9011e-05
36	52	1.9392e-05
37	52	1.9873e-05
38	52	2.0470e-05
39	52	2.1204e-05
40	52	2.2107e-05
41	52	2.3218e-05
42	52	2.4595e-05
43	52	2.6318e-05
44	52	2.8511e-05
45	52	3.1362e-05
46	52	3.5183e-05
47	52	4.0525e-05
48	52	4.8456e-05
49	52	6.1375e-05
50	52	8.5998e-05
51	52	1.5124e-04
1	53	2.7363e-04
2	53	1.5049e-04
3	53	1.0408e-04
4	53	7.9721e-05
5	53	6.4734e-05
6	53	5.4596e-05
7	53	4.7295e-05
8	53	4.1796e-05
9	53	3.7515e-05
10	53	3.4097e-05
11	53	3.1312e-05
12	53	2.9005e-05
13	53	2.7070e-05
14	53	2.5430e-05
15	53	2.4028e-05
16	53	2.2821e-05
17	53	2.1776e-05
18	53	2.0869e-05
19	53	2.0080e-05
20	53	1.9393e-05
21	53	1.8795e-05
22	53	1.8276e-05
23	53	1.7829e-05
24	53	1.7447e-05
25	53	1.7124e-05
26	53	1.6858e-05
27	53	1.6644e-05
28	53	1.6481e-05
29	53	1.6368e-05
30	53	1.6305e-05
31	53	1.6292e-05
32	53	1.6330e-05
33	53	1.6422e-05
34	53	1.6572e-05
35	53	1.6785e-05
36	53	1.7066e-05
37	53	1.7426e-05
38	53	1.7875e-05
39	53	1.8429e-05
40	53	1.9107e-05
41	53	1.9938e-05
42	53	2.0957e-05
43	53	2.2217e-05
44	53	2.3791e-05
45	53	2.5792e-05
46	53	2.8391e-05
47	53	3.1872e-05
48	53	3.6735e-05
49	53	4.3952e-05
50	53	5.5704e-05
51	53	7.8098e-05
52	53	1.3742e-04
1	54	2.4921e-04
2	54	1.3705e-04
3	54	9.4780e-05
4	54	7.2595e-05
5	54	5.8941e-05
6	54	4.9703e-05
7	54	4.3049e-05
8	54	3.8037e-05
9	54	3.4133e-05
10	54	3.1015e-05
11	54	2.8474e-05
12	54	2.6368e-05
13	54	2.4600e-05
14	54	2.3101e-05
15	54	2.1818e-05
16	54	2.0712e-05
17	54	1.9754e-05
18	54	1.8921e-05
19	54	1.8194e-05
20	54	1.7560e-05
21	54	1.7007e-05
22	54	1.6525e-05
23	54	1.6107e-05
24	54	1.5747e-05
25	54	1.5441e-05
26	54	1.5184e-05
27	54	1.4974e-05
28	54	1.4808e-05
29	54	1.4686e-05
30	54	1.4607e-05
31	54	1.4571e-05
32	54	1.4578e-05
33	54	1.4630e-05
34	54	1.4730e-05
35	54	1.4881e-05
36	54	1.5087e-05
37	54	1.5356e-05
38	54	1.5695e-05
39	54	1.6114e-05
40	54	1.6628e-05
41	54	1.7255e-05
42	54	1.8019e-05
43	54	1.8955e-05
44	54	2.0110e-05
45	54	2.1551e-05
46	54	2.3379e-05
47	54	2.5752e-05
48	54	2.8929e-05
49	54	3.3363e-05
50	54	3.9942e-05
51	54	5.0650e-05
52	54	7.1053e-05
53	54	1.2510e-04
1	55	2.2736e-04
2	55	1.2503e-04
3	55	8.6463e-05
4	55	6.6219e-05
5	55	5.3759e-05
6	55	4.5328e-05
7	55	3.9253e-05
8	55	3.4676e-05
9	55	3.1111e-05
10	55	2.8263e-05
11	55	2.5940e-05
12	55	2.4014e-05
13	55	2.2397e-05
14	55	2.1024e-05
15	55	1.9848e-05
16	55	1.8834e-05
17	55	1.7955e-05
18	55	1.7188e-05
19	55	1.6519e-05
20	55	1.5933e-05
21	55	1.5421e-05
22	55	1.4973e-05
23	55	1.4583e-05
24	55	1.4245e-05
25	55	1.3955e-05
26	55	1.3709e-05
27	55	1.3505e-05
28	55	1.3340e-05
29	55	1.3213e-05
30	55	1.3123e-05
31	55	1.3070e-05
32	55	1.3055e-05
33	55	1.3077e-05
34	55	1.3139e-05
35	55	1.3243e-05
36	55	1.3393e-05
37	55	1.3593e-05
38	55	1.3848e-05
39	55	1.4167e-05
40	55	1.4558e-05
41	55	1.5035e-05
42	55	1.5614e-05
43	55	1.6319e-05
44	55	1.7179e-05
45	55	1.8238e-05
46	55	1.9559e-05
47	55	2.1232e-05
48	55	2.3403e-05
49	55	2.6305e-05
50	55	3.0355e-05
51	55	3.6362e-05
52	55	4.6137e-05
53	55	6.4757e-05
54	55	1.1407e-04
1	56	2.0777e-04
2	56	1.1426e-04
3	56	7.9007e-05
4	56	6.0504e-05
5	56	4.9114e-05
6	56	4.1406e-05
7	56	3.5852e-05
8	56	3.1666e-05
9	56	2.8405e-05
10	56	2.5799e-05
11	56	2.3672e-05
12	56	2.1909e-05
13	56	2.0427e-05
14	56	1.9168e-05
15	56	1.8089e-05
16	56	1.7158e-05
17	56	1.6349e-05
18	56	1.5644e-05
19	56	1.5027e-05
20	56	1.4486e-05
21	56	1.4011e-05
22	56	1.3595e-05
23	56	1.3231e-05
24	56	1.2915e-05
25	56	1.2641e-05
26	56	1.2407e-05
27	56	1.2210e-05
28	56	1.2047e-05
29	56	1.1918e-05
30	56	1.1822e-05
31	56	1.1758e-05
32	56	1.1725e-05
33	56	1.1725e-05
34	56	1.1759e-05
35	56	1.1828e-05
36	56	1.1934e-05
37	56	1.2081e-05
38	56	1.2273e-05
39	56	1.2515e-05
40	56	1.2814e-05
41	56	1.3179e-05
42	56	1.3622e-05
43	56	1.4157e-05
44	56	1.4807e-05
45	56	1.5599e-05
46	56	1.6572e-05
47	56	1.7784e-05
48	56	1.9318e-05
49	56	2.1305e-05
50	56	2.3962e-05
51	56	2.7668e-05
52	56	3.3161e-05
53	56	4.2098e-05
54	56	5.9119e-05
55	56	1.0419e-04
1	57	1.9017e-04
2	57	1.0458e-04
3	57	7.2309e-05
4	57	5.5371e-05
5	57	4.4943e-05
6	57	3.7886e-05
7	57	3.2799e-05
8	57	2.8965e-05
9	57	2.5977e-05
10	57	2.3588e-05
11	57	2.1639e-05
12	57	2.0022e-05
13	57	1.8662e-05
14	57	1.7506e-05
15	57	1.6515e-05
16	57	1.5659e-05
17	57	1.4915e-05
18	57	1.4265e-05
19	57	1.3695e-05
20	57	1.3195e-05
21	57	1.2755e-05
22	57	1.2369e-05
23	57	1.2029e-05
24	57	1.1733e-05
25	57	1.1475e-05
26	57	1.1253e-05
27	57	1.1063e-05
28	57	1.0905e-05
29	57	1.0777e-05
30	57	1.0677e-05
31	57	1.0605e-05
32	57	1.0561e-05
33	57	1.0544e-05
34	57	1.0557e-05
35	57	1.0598e-05
36	57	1.0672e-05
37	57	1.0778e-05
38	57	1.0922e-05
39	57	1.1105e-05
40	57	1.1334e-05
41	57	1.1614e-05
42	57	1.1954e-05
43	57	1.2365e-05
44	57	1.2861e-05
45	57	1.3461e-05
46	57	1.4190e-05
47	57	1.5085e-05
48	57	1.6199e-05
49	57	1.7607e-05
50	57	1.9430e-05
51	57	2.1865e-05
52	57	2.5261e-05
53	57	3.0292e-05
54	57	3.8476e-05
55	57	5.4060e-05
56	57	9.5322e-05
1	58	1.7433e-04
2	58	9.5864e-05
3	58	6.6282e-05
4	58	5.0752e-05
5	58	4.1190e-05
6	58	3.4718e-05
7	58	3.0053e-05
8	58	2.6536e-05
9	58	2.3794e-05
10	58	2.1602e-05
11	58	1.9812e-05
12	58	1.8327e-05
13	58	1.7077e-05
14	58	1.6015e-05
15	58	1.5103e-05
16	58	1.4315e-05
17	58	1.3629e-05
18	58	1.3030e-05
19	58	1.2503e-05
20	58	1.2041e-05
21	58	1.1633e-05
22	58	1.1274e-05
23	58	1.0958e-05
24	58	1.0680e-05
25	58	1.0438e-05
26	58	1.0227e-05
27	58	1.0046e-05
28	58	9.8934e-06
29	58	9.7668e-06
30	58	9.6656e-06
31	58	9.5889e-06
32	58	9.5364e-06
33	58	9.5081e-06
34	58	9.5043e-06
35	58	9.5257e-06
36	58	9.5735e-06
37	58	9.6491e-06
38	58	9.7548e-06
39	58	9.8933e-06
40	58	1.0068e-05
41	58	1.0284e-05
42	58	1.0547e-05
43	58	1.0864e-05
44	58	1.1246e-05
45	58	1.1705e-05
46	58	1.2259e-05
47	58	1.2932e-05
48	58	1.3756e-05
49	58	1.4780e-05
50	58	1.6074e-05
51	58	1.7749e-05
52	58	1.9985e-05
53	58	2.3100e-05
54	58	2.7716e-05
55	58	3.5222e-05
56	58	4.9511e-05
57	58	8.7343e-05
1	59	1.6005e-04
2	59	8.8008e-05
3	59	6.0847e-05
4	59	4.6588e-05
5	59	3.7808e-05
6	59	3.1864e-05
7	59	2.7578e-05
8	59	2.4347e-05
9	59	2.1828e-05
10	59	1.9813e-05
11	59	1.8168e-05
12	59	1.6802e-05
13	59	1.5652e-05
14	59	1.4674e-05
15	59	1.3834e-05
16	59	1.3108e-05
17	59	1.2475e-05
18	59	1.1921e-05
19	59	1.1435e-05
20	59	1.1006e-05
21	59	1.0628e-05
22	59	1.0294e-05
23	59	9.9997e-06
24	59	9.7401e-06
25	59	9.5123e-06
26	59	9.3135e-06
27	59	9.1415e-06
28	59	8.9944e-06
29	59	8.8709e-06
30	59	8.7700e-06
31	59	8.6907e-06
32	59	8.6327e-06
33	59	8.5958e-06
34	59	8.5800e-06
35	59	8.5859e-06
36	59	8.6142e-06
37	59	8.6659e-06
38	59	8.7425e-06
39	59	8.8462e-06
40	59	8.9795e-06
41	59	9.1457e-06
42	59	9.3491e-06
43	59	9.5952e-06
44	59	9.8911e-06
45	59	1.0246e-05
46	59	1.0671e-05
47	59	1.1184e-05
48	59	1.1805e-05
49	59	1.2565e-05
50	59	1.3508e-05
51	59	1.4700e-05
52	59	1.6240e-05
53	59	1.8295e-05
54	59	2.1158e-05
55	59	2.5399e-05
56	59	3.2292e-05
57	59	4.5415e-05
58	59	8.0152e-05
1	60	1.4715e-04
2	60	8.0912e-05
3	60	5.5939e-05
4	60	4.2827e-05
5	60	3.4753e-05
6	60	2.9286e-05
7	60	2.5345e-05
8	60	2.2372e-05
9	60	2.0054e-05
10	60	1.8200e-05
11	60	1.6685e-05
12	60	1.5427e-05
13	60	1.4368e-05
14	60	1.3466e-05
15	60	1.2692e-05
16	60	1.2021e-05
17	60	1.1437e-05
18	60	1.0925e-05
19	60	1.0475e-05
20	60	1.0078e-05
21	60	9.7270e-06
22	60	9.4165e-06
23	60	9.1417e-06
24	60	8.8990e-06
25	60	8.6852e-06
26	60	8.4977e-06
27	60	8.3344e-06
28	60	8.1936e-06
29	60	8.0740e-06
30	60	7.9745e-06
31	60	7.8942e-06
32	60	7.8328e-06
33	60	7.7898e-06
34	60	7.7653e-06
35	60	7.7595e-06
36	60	7.7728e-06
37	60	7.8060e-06
38	60	7.8601e-06
39	60	7.9367e-06
40	60	8.0377e-06
41	60	8.1655e-06
42	60	8.3231e-06
43	60	8.5147e-06
44	60	8.7452e-06
45	60	9.0211e-06
46	60	9.3508e-06
47	60	9.7455e-06
48	60	1.0220e-05
49	60	1.0794e-05
50	60	1.1496e-05
51	60	1.2366e-05
52	60	1.3464e-05
53	60	1.4882e-05
54	60	1.6774e-05
55	60	1.9409e-05
56	60	2.3310e-05
57	60	2.9650e-05
58	60	4.1718e-05
59	60	7.3660e-05
1	61	1.3548e-04
2	61	7.4491e-05
3	61	5.1498e-05
4	61	3.9425e-05
5	61	3.1990e-05
6	61	2.6955e-05
7	61	2.3324e-05
8	61	2.0586e-05
9	61	1.8451e-05
10	61	1.6741e-05
11	61	1.5345e-05
12	61	1.4185e-05
13	61	1.3208e-05
14	61	1.2376e-05
15	61	1.1661e-05
16	61	1.1041e-05
17	61	1.0501e-05
18	61	1.0028e-05
19	61	9.6108e-06
20	61	9.2426e-06
21	61	8.9166e-06
22	61	8.6277e-06
23	61	8.3715e-06
24	61	8.1446e-06
25	61	7.9440e-06
26	61	7.7674e-06
27	61	7.6127e-06
28	61	7.4784e-06
29	61	7.3632e-06
30	61	7.2659e-06
31	61	7.1859e-06
32	61	7.1226e-06
33	61	7.0756e-06
34	61	7.0447e-06
35	61	7.0301e-06
36	61	7.0320e-06
37	61	7.0509e-06
38	61	7.0876e-06
39	61	7.1431e-06
40	61	7.2189e-06
41	61	7.3167e-06
42	61	7.4388e-06
43	61	7.5881e-06
44	61	7.7683e-06
45	61	7.9841e-06
46	61	8.2415e-06
47	61	8.5482e-06
48	61	8.9146e-06
49	61	9.3540e-06
50	61	9.8852e-06
51	61	1.0534e-05
52	61	1.1337e-05
53	61	1.2350e-05
54	61	1.3658e-05
55	61	1.5402e-05
56	61	1.7830e-05
57	61	2.1424e-05
58	61	2.7263e-05
59	61	3.8376e-05
60	61	6.7789e-05
1	62	1.2490e-04
2	62	6.8673e-05
3	62	4.7474e-05
4	62	3.6342e-05
5	62	2.9486e-05
6	62	2.4843e-05
7	62	2.1495e-05
8	62	1.8969e-05
9	62	1.6999e-05
10	62	1.5421e-05
11	62	1.4132e-05
12	62	1.3061e-05
13	62	1.2159e-05
14	62	1.1391e-05
15	62	1.0729e-05
16	62	1.0156e-05
17	62	9.6565e-06
18	62	9.2178e-06
19	62	8.8313e-06
20	62	8.4895e-06
21	62	8.1866e-06
22	62	7.9177e-06
23	62	7.6787e-06
24	62	7.4666e-06
25	62	7.2785e-06
26	62	7.1123e-06
27	62	6.9660e-06
28	62	6.8382e-06
29	62	6.7276e-06
30	62	6.6333e-06
31	62	6.5544e-06
32	62	6.4903e-06
33	62	6.4408e-06
34	62	6.4054e-06
35	62	6.3843e-06
36	62	6.3776e-06
37	62	6.3855e-06
38	62	6.4086e-06
39	62	6.4476e-06
40	62	6.5036e-06
41	62	6.5779e-06
42	62	6.6722e-06
43	62	6.7886e-06
44	62	6.9298e-06
45	62	7.0993e-06
46	62	7.3013e-06
47	62	7.5415e-06
48	62	7.8271e-06
49	62	8.1673e-06
50	62	8.5749e-06
51	62	9.0669e-06
52	62	9.6671e-06
53	62	1.0410e-05
54	62	1.1346e-05
55	62	1.2553e-05
56	62	1.4163e-05
57	62	1.6403e-05
58	62	1.9718e-05
59	62	2.5103e-05
60	62	3.5351e-05
61	62	6.2471e-05
1	63	1.1529e-04
2	63	6.3391e-05
3	63	4.3821e-05
4	63	3.3544e-05
5	63	2.7214e-05
6	63	2.2927e-05
7	63	1.9835e-05
8	63	1.7502e-05
9	63	1.5682e-05
10	63	1.4225e-05
11	63	1.3033e-05
12	63	1.2043e-05
13	63	1.1209e-05
14	63	1.0498e-05
15	63	9.8862e-06
16	63	9.3556e-06
17	63	8.8923e-06
18	63	8.4856e-06
19	63	8.1269e-06
20	63	7.8095e-06
21	63	7.5277e-06
22	63	7.2772e-06
23	63	7.0543e-06
24	63	6.8559e-06
25	63	6.6796e-06
26	63	6.5232e-06
27	63	6.3851e-06
28	63	6.2637e-06
29	63	6.1580e-06
30	63	6.0669e-06
31	63	5.9897e-06
32	63	5.9259e-06
33	63	5.8749e-06
34	63	5.8366e-06
35	63	5.8108e-06
36	63	5.7975e-06
37	63	5.7969e-06
38	63	5.8095e-06
39	63	5.8356e-06
40	63	5.8761e-06
41	63	5.9319e-06
42	63	6.0043e-06
43	63	6.0949e-06
44	63	6.2056e-06
45	63	6.3391e-06
46	63	6.4984e-06
47	63	6.6876e-06
48	63	6.9119e-06
49	63	7.1778e-06
50	63	7.4941e-06
51	63	7.8725e-06
52	63	8.3286e-06
53	63	8.8845e-06
54	63	9.5718e-06
55	63	1.0437e-05
56	63	1.1554e-05
57	63	1.3042e-05
58	63	1.5111e-05
59	63	1.8172e-05
60	63	2.3146e-05
61	63	3.2607e-05
62	63	5.7645e-05
1	64	1.0656e-04
2	64	5.8590e-05
3	64	4.0500e-05
4	64	3.1000e-05
5	64	2.5149e-05
6	64	2.1185e-05
7	64	1.8326e-05
8	64	1.6169e-05
9	64	1.4486e-05
10	64	1.3138e-05
11	64	1.2035e-05
12	64	1.1119e-05
13	64	1.0347e-05
14	64	9.6882e-06
15	64	9.1214e-06
16	64	8.6296e-06
17	64	8.1999e-06
18	64	7.8225e-06
19	64	7.4893e-06
20	64	7.1942e-06
21	64	6.9320e-06
22	64	6.6985e-06
23	64	6.4904e-06
24	64	6.3049e-06
25	64	6.1396e-06
26	64	5.9925e-06
27	64	5.8622e-06
28	64	5.7471e-06
29	64	5.6463e-06
30	64	5.5587e-06
31	64	5.4837e-06
32	64	5.4207e-06
33	64	5.3693e-06
34	64	5.3290e-06
35	64	5.2999e-06
36	64	5.2817e-06
37	64	5.2747e-06
38	64	5.2791e-06
39	64	5.2951e-06
40	64	5.3234e-06
41	64	5.3646e-06
42	64	5.4197e-06
43	64	5.4899e-06
44	64	5.5767e-06
45	64	5.6819e-06
46	64	5.8079e-06
47	64	5.9577e-06
48	64	6.1349e-06
49	64	6.3443e-06
50	64	6.5922e-06
51	64	6.8865e-06
52	64	7.2380e-06
53	64	7.6613e-06
54	64	8.1768e-06
55	64	8.8136e-06
56	64	9.6152e-06
57	64	1.0649e-05
58	64	1.2025e-05
59	64	1.3939e-05
60	64	1.6770e-05
61	64	2.1368e-05
62	64	3.0115e-05
63	64	5.3260e-05
1	65	9.8614e-05
2	65	5.4218e-05
3	65	3.7477e-05
4	65	2.8685e-05
5	65	2.3269e-05
6	65	1.9600e-05
7	65	1.6954e-05
8	65	1.4956e-05
9	65	1.3397e-05
10	65	1.2149e-05
11	65	1.1128e-05
12	65	1.0279e-05
13	65	9.5631e-06
14	65	8.9525e-06
15	65	8.4268e-06
16	65	7.9705e-06
17	65	7.5716e-06
18	65	7.2209e-06
19	65	6.9112e-06
20	65	6.6366e-06
21	65	6.3923e-06
22	65	6.1746e-06
23	65	5.9803e-06
24	65	5.8067e-06
25	65	5.6517e-06
26	65	5.5135e-06
27	65	5.3906e-06
28	65	5.2816e-06
29	65	5.1856e-06
30	65	5.1018e-06
31	65	5.0292e-06
32	65	4.9675e-06
33	65	4.9162e-06
34	65	4.8750e-06
35	65	4.8435e-06
36	65	4.8219e-06
37	65	4.8100e-06
38	65	4.8080e-06
39	65	4.8161e-06
40	65	4.8348e-06
41	65	4.8645e-06
42	65	4.9059e-06
43	65	4.9600e-06
44	65	5.0278e-06
45	65	5.1107e-06
46	65	5.2105e-06
47	65	5.3294e-06
48	65	5.4702e-06
49	65	5.6362e-06
50	65	5.8319e-06
51	65	6.0631e-06
52	65	6.3371e-06
53	65	6.6640e-06
54	65	7.0573e-06
55	65	7.5357e-06
56	65	8.1264e-06
57	65	8.8695e-06
58	65	9.8273e-06
59	65	1.1102e-05
60	65	1.2875e-05
61	65	1.5496e-05
62	65	1.9752e-05
63	65	2.7849e-05
64	65	4.9270e-05
1	66	9.1366e-05
2	66	5.0232e-05
3	66	3.4721e-05
4	66	2.6574e-05
5	66	2.1555e-05
6	66	1.8156e-05
7	66	1.5702e-05
8	66	1.3851e-05
9	66	1.2406e-05
10	66	1.1248e-05
11	66	1.0301e-05
12	66	9.5139e-06
13	66	8.8497e-06
14	66	8.2831e-06
15	66	7.7950e-06
16	66	7.3711e-06
17	66	7.0003e-06
18	66	6.6743e-06
19	66	6.3861e-06
20	66	6.1303e-06
21	66	5.9027e-06
22	66	5.6995e-06
23	66	5.5179e-06
24	66	5.3555e-06
25	66	5.2101e-06
26	66	5.0803e-06
27	66	4.9644e-06
28	66	4.8613e-06
29	66	4.7701e-06
30	66	4.6899e-06
31	66	4.6201e-06
32	66	4.5601e-06
33	66	4.5094e-06
34	66	4.4677e-06
35	66	4.4349e-06
36	66	4.4107e-06
37	66	4.3952e-06
38	66	4.3883e-06
39	66	4.3903e-06
40	66	4.4014e-06
41	66	4.4220e-06
42	66	4.4525e-06
43	66	4.4937e-06
44	66	4.5464e-06
45	66	4.6117e-06
46	66	4.6908e-06
47	66	4.7854e-06
48	66	4.8976e-06
49	66	5.0299e-06
50	66	5.1855e-06
51	66	5.3685e-06
52	66	5.5842e-06
53	66	5.8396e-06
54	66	6.1438e-06
55	66	6.5095e-06
56	66	6.9541e-06
57	66	7.5026e-06
58	66	8.1922e-06
59	66	9.0807e-06
60	66	1.0263e-05
61	66	1.1906e-05
62	66	1.4336e-05
63	66	1.8281e-05
64	66	2.5783e-05
65	66	4.5632e-05
1	67	8.4748e-05
2	67	4.6593e-05
3	67	3.2204e-05
4	67	2.4647e-05
5	67	1.9991e-05
6	67	1.6837e-05
7	67	1.4561e-05
8	67	1.2843e-05
9	67	1.1501e-05
10	67	1.0427e-05
11	67	9.5477e-06
12	67	8.8164e-06
13	67	8.1995e-06
14	67	7.6730e-06
15	67	7.2193e-06
16	67	6.8251e-06
17	67	6.4803e-06
18	67	6.1768e-06
19	67	5.9084e-06
20	67	5.6700e-06
21	67	5.4577e-06
22	67	5.2679e-06
23	67	5.0982e-06
24	67	4.9461e-06
25	67	4.8098e-06
26	67	4.6877e-06
27	67	4.5785e-06
28	67	4.4811e-06
29	67	4.3945e-06
30	67	4.3181e-06
31	67	4.2510e-06
32	67	4.1929e-06
33	67	4.1432e-06
34	67	4.1017e-06
35	67	4.0681e-06
36	67	4.0422e-06
37	67	4.0240e-06
38	67	4.0134e-06
39	67	4.0106e-06
40	67	4.0157e-06
41	67	4.0291e-06
42	67	4.0510e-06
43	67	4.0819e-06
44	67	4.1226e-06
45	67	4.1738e-06
46	67	4.2364e-06
47	67	4.3118e-06
48	67	4.4014e-06
49	67	4.5072e-06
50	67	4.6315e-06
51	67	4.7774e-06
52	67	4.9486e-06
53	67	5.1501e-06
54	67	5.3882e-06
55	67	5.6717e-06
56	67	6.0120e-06
57	67	6.4255e-06
58	67	6.9353e-06
59	67	7.5760e-06
60	67	8.4011e-06
61	67	9.4987e-06
62	67	1.1024e-05
63	67	1.3279e-05
64	67	1.6939e-05
65	67	2.3899e-05
66	67	4.2313e-05
1	68	7.8696e-05
2	68	4.3265e-05
3	68	2.9903e-05
4	68	2.2885e-05
5	68	1.8561e-05
6	68	1.5631e-05
7	68	1.3517e-05
8	68	1.1921e-05
9	68	1.0675e-05
10	68	9.6764e-06
11	68	8.8593e-06
12	68	8.1795e-06
13	68	7.6058e-06
14	68	7.1161e-06
15	68	6.6941e-06
16	68	6.3272e-06
17	68	6.0061e-06
18	68	5.7234e-06
19	68	5.4732e-06
20	68	5.2508e-06
21	68	5.0526e-06
22	68	4.8753e-06
23	68	4.7165e-06
24	68	4.5740e-06
25	68	4.4462e-06
26	68	4.3314e-06
27	68	4.2285e-06
28	68	4.1365e-06
29	68	4.0544e-06
30	68	3.9816e-06
31	68	3.9174e-06
32	68	3.8613e-06
33	68	3.8129e-06
34	68	3.7719e-06
35	68	3.7380e-06
36	68	3.7110e-06
37	68	3.6909e-06
38	68	3.6776e-06
39	68	3.6711e-06
40	68	3.6716e-06
41	68	3.6791e-06
42	68	3.6941e-06
43	68	3.7169e-06
44	68	3.7479e-06
45	68	3.7878e-06
46	68	3.8373e-06
47	68	3.8973e-06
48	68	3.9690e-06
49	68	4.0539e-06
50	68	4.1536e-06
51	68	4.2705e-06
52	68	4.4073e-06
53	68	4.5675e-06
54	68	4.7558e-06
55	68	4.9782e-06
56	68	5.2424e-06
57	68	5.5595e-06
58	68	5.9445e-06
59	68	6.4188e-06
60	68	7.0146e-06
61	68	7.7817e-06
62	68	8.8018e-06
63	68	1.0219e-05
64	68	1.2313e-05
65	68	1.5713e-05
66	68	2.2178e-05
67	68	3.9279e-05
1	69	7.3156e-05
2	69	4.0219e-05
3	69	2.7797e-05
4	69	2.1272e-05
5	69	1.7252e-05
6	69	1.4528e-05
7	69	1.2562e-05
8	69	1.1078e-05
9	69	9.9188e-06
10	69	8.9899e-06
11	69	8.2297e-06
12	69	7.5971e-06
13	69	7.0631e-06
14	69	6.6072e-06
15	69	6.2141e-06
16	69	5.8724e-06
17	69	5.5731e-06
18	69	5.3095e-06
19	69	5.0761e-06
20	69	4.8685e-06
21	69	4.6833e-06
22	69	4.5175e-06
23	69	4.3689e-06
24	69	4.2354e-06
25	69	4.1154e-06
26	69	4.0075e-06
27	69	3.9106e-06
28	69	3.8237e-06
29	69	3.7459e-06
30	69	3.6766e-06
31	69	3.6153e-06
32	69	3.5613e-06
33	69	3.5144e-06
34	69	3.4741e-06
35	69	3.4403e-06
36	69	3.4128e-06
37	69	3.3914e-06
38	69	3.3760e-06
39	69	3.3667e-06
40	69	3.3635e-06
41	69	3.3666e-06
42	69	3.3761e-06
43	69	3.3923e-06
44	69	3.4156e-06
45	69	3.4464e-06
46	69	3.4853e-06
47	69	3.5330e-06
48	69	3.5904e-06
49	69	3.6586e-06
50	69	3.7389e-06
51	69	3.8329e-06
52	69	3.9428e-06
53	69	4.0712e-06
54	69	4.2212e-06
55	69	4.3973e-06
56	69	4.6050e-06
57	69	4.8516e-06
58	69	5.1473e-06
59	69	5.5060e-06
60	69	5.9478e-06
61	69	6.5025e-06
62	69	7.2163e-06
63	69	8.1654e-06
64	69	9.4835e-06
65	69	1.1431e-05
66	69	1.4593e-05
67	69	2.0603e-05
68	69	3.6502e-05
1	70	6.8078e-05
2	70	3.7426e-05
3	70	2.5866e-05
4	70	1.9794e-05
5	70	1.6052e-05
6	70	1.3517e-05
7	70	1.1687e-05
8	70	1.0305e-05
9	70	9.2260e-06
10	70	8.3611e-06
11	70	7.6531e-06
12	70	7.0638e-06
13	70	6.5663e-06
14	70	6.1415e-06
15	70	5.7751e-06
16	70	5.4564e-06
17	70	5.1772e-06
18	70	4.9312e-06
19	70	4.7132e-06
20	70	4.5193e-06
21	70	4.3461e-06
22	70	4.1910e-06
23	70	4.0518e-06
24	70	3.9266e-06
25	70	3.8139e-06
26	70	3.7125e-06
27	70	3.6212e-06
28	70	3.5391e-06
29	70	3.4655e-06
30	70	3.3997e-06
31	70	3.3412e-06
32	70	3.2894e-06
33	70	3.2440e-06
34	70	3.2048e-06
35	70	3.1714e-06
36	70	3.1436e-06
37	70	3.1213e-06
38	70	3.1045e-06
39	70	3.0931e-06
40	70	3.0871e-06
41	70	3.0866e-06
42	70	3.0917e-06
43	70	3.1027e-06
44	70	3.1197e-06
45	70	3.1432e-06
46	70	3.1736e-06
47	70	3.2114e-06
48	70	3.2573e-06
49	70	3.3121e-06
50	70	3.3769e-06
51	70	3.4528e-06
52	70	3.5415e-06
53	70	3.6449e-06
54	70	3.7654e-06
55	70	3.9060e-06
56	70	4.0708e-06
57	70	4.2649e-06
58	70	4.4953e-06
59	70	4.7713e-06
60	70	5.1058e-06
61	70	5.5177e-06
62	70	6.0346e-06
63	70	6.6996e-06
64	70	7.5834e-06
65	70	8.8107e-06
66	70	1.0624e-05
67	70	1.3567e-05
68	70	1.9161e-05
69	70	3.3957e-05
1	71	6.3417e-05
2	71	3.4863e-05
3	71	2.4094e-05
4	71	1.8437e-05
5	71	1.4951e-05
6	71	1.2589e-05
7	71	1.0884e-05
8	71	9.5962e-06
9	71	8.5906e-06
10	71	7.7844e-06
11	71	7.1244e-06
12	71	6.5749e-06
13	71	6.1110e-06
14	71	5.7147e-06
15	71	5.3728e-06
16	71	5.0753e-06
17	71	4.8147e-06
18	71	4.5849e-06
19	71	4.3812e-06
20	71	4.1999e-06
21	71	4.0378e-06
22	71	3.8926e-06
23	71	3.7621e-06
24	71	3.6447e-06
25	71	3.5389e-06
26	71	3.4435e-06
27	71	3.3574e-06
28	71	3.2800e-06
29	71	3.2103e-06
30	71	3.1478e-06
31	71	3.0920e-06
32	71	3.0424e-06
33	71	2.9987e-06
34	71	2.9606e-06
35	71	2.9278e-06
36	71	2.9001e-06
37	71	2.8774e-06
38	71	2.8596e-06
39	71	2.8466e-06
40	71	2.8384e-06
41	71	2.8351e-06
42	71	2.8368e-06
43	71	2.8435e-06
44	71	2.8556e-06
45	71	2.8732e-06
46	71	2.8967e-06
47	71	2.9264e-06
48	71	2.9630e-06
49	71	3.0071e-06
50	71	3.0594e-06
51	71	3.1209e-06
52	71	3.1927e-06
53	71	3.2764e-06
54	71	3.3736e-06
55	71	3.4868e-06
56	71	3.6187e-06
57	71	3.7730e-06
58	71	3.9546e-06
59	71	4.1699e-06
60	71	4.4277e-06
61	71	4.7400e-06
62	71	5.1243e-06
63	71	5.6065e-06
64	71	6.2266e-06
65	71	7.0505e-06
66	71	8.1943e-06
67	71	9.8841e-06
68	71	1.2626e-05
69	71	1.7838e-05
70	71	3.1623e-05
1	72	5.9133e-05
2	72	3.2508e-05
3	72	2.2466e-05
4	72	1.7191e-05
5	72	1.3940e-05
6	72	1.1737e-05
7	72	1.0146e-05
8	72	8.9451e-06
9	72	8.0070e-06
10	72	7.2548e-06
11	72	6.6390e-06
12	72	6.1262e-06
13	72	5.6931e-06
14	72	5.3231e-06
15	72	5.0038e-06
16	72	4.7259e-06
17	72	4.4823e-06
18	72	4.2675e-06
19	72	4.0770e-06
20	72	3.9073e-06
21	72	3.7556e-06
22	72	3.6195e-06
23	72	3.4972e-06
24	72	3.3869e-06
25	72	3.2875e-06
26	72	3.1977e-06
27	72	3.1167e-06
28	72	3.0435e-06
29	72	2.9776e-06
30	72	2.9183e-06
31	72	2.8652e-06
32	72	2.8178e-06
33	72	2.7758e-06
34	72	2.7389e-06
35	72	2.7068e-06
36	72	2.6795e-06
37	72	2.6566e-06
38	72	2.6381e-06
39	72	2.6240e-06
40	72	2.6142e-06
41	72	2.6087e-06
42	72	2.6076e-06
43	72	2.6110e-06
44	72	2.6190e-06
45	72	2.6319e-06
46	72	2.6498e-06
47	72	2.6730e-06
48	72	2.7021e-06
49	72	2.7375e-06
50	72	2.7797e-06
51	72	2.8296e-06
52	72	2.8879e-06
53	72	2.9559e-06
54	72	3.0348e-06
55	72	3.1263e-06
56	72	3.2326e-06
57	72	3.3563e-06
58	72	3.5010e-06
59	72	3.6710e-06
60	72	3.8725e-06
61	72	4.1134e-06
62	72	4.4053e-06
63	72	4.7642e-06
64	72	5.2143e-06
65	72	5.7931e-06
66	72	6.5619e-06
67	72	7.6290e-06
68	72	9.2052e-06
69	72	1.1762e-05
70	72	1.6623e-05
71	72	2.9478e-05
1	73	5.5192e-05
2	73	3.0341e-05
3	73	2.0968e-05
4	73	1.6044e-05
5	73	1.3009e-05
6	73	1.0953e-05
7	73	9.4677e-06
8	73	8.3464e-06
9	73	7.4704e-06
10	73	6.7679e-06
11	73	6.1928e-06
12	73	5.7137e-06
13	73	5.3091e-06
14	73	4.9633e-06
15	73	4.6648e-06
16	73	4.4050e-06
17	73	4.1772e-06
18	73	3.9762e-06
19	73	3.7979e-06
20	73	3.6390e-06
21	73	3.4968e-06
22	73	3.3692e-06
23	73	3.2544e-06
24	73	3.1509e-06
25	73	3.0574e-06
26	73	2.9729e-06
27	73	2.8965e-06
28	73	2.8274e-06
29	73	2.7651e-06
30	73	2.7088e-06
31	73	2.6583e-06
32	73	2.6131e-06
33	73	2.5728e-06
34	73	2.5372e-06
35	73	2.5060e-06
36	73	2.4791e-06
37	73	2.4563e-06
38	73	2.4375e-06
39	73	2.4226e-06
40	73	2.4116e-06
41	73	2.4045e-06
42	73	2.4012e-06
43	73	2.4019e-06
44	73	2.4066e-06
45	73	2.4156e-06
46	73	2.4290e-06
47	73	2.4470e-06
48	73	2.4699e-06
49	73	2.4982e-06
50	73	2.5323e-06
51	73	2.5727e-06
52	73	2.6202e-06
53	73	2.6755e-06
54	73	2.7398e-06
55	73	2.8142e-06
56	73	2.9004e-06
57	73	3.0004e-06
58	73	3.1165e-06
59	73	3.2522e-06
60	73	3.4115e-06
61	73	3.6001e-06
62	73	3.8256e-06
63	73	4.0985e-06
64	73	4.4340e-06
65	73	4.8547e-06
66	73	5.3953e-06
67	73	6.1134e-06
68	73	7.1099e-06
69	73	8.5815e-06
70	73	1.0969e-05
71	73	1.5506e-05
72	73	2.7506e-05
1	74	5.1562e-05
2	74	2.8345e-05
3	74	1.9588e-05
4	74	1.4988e-05
5	74	1.2152e-05
6	74	1.0231e-05
7	74	8.8431e-06
8	74	7.7951e-06
9	74	6.9764e-06
10	74	6.3198e-06
11	74	5.7821e-06
12	74	5.3342e-06
13	74	4.9558e-06
14	74	4.6324e-06
15	74	4.3532e-06
16	74	4.1100e-06
17	74	3.8968e-06
18	74	3.7085e-06
19	74	3.5415e-06
20	74	3.3926e-06
21	74	3.2593e-06
22	74	3.1396e-06
23	74	3.0318e-06
24	74	2.9345e-06
25	74	2.8466e-06
26	74	2.7670e-06
27	74	2.6950e-06
28	74	2.6297e-06
29	74	2.5707e-06
30	74	2.5174e-06
31	74	2.4694e-06
32	74	2.4262e-06
33	74	2.3877e-06
34	74	2.3534e-06
35	74	2.3232e-06
36	74	2.2969e-06
37	74	2.2743e-06
38	74	2.2554e-06
39	74	2.2400e-06
40	74	2.2281e-06
41	74	2.2197e-06
42	74	2.2147e-06
43	74	2.2133e-06
44	74	2.2155e-06
45	74	2.2213e-06
46	74	2.2310e-06
47	74	2.2447e-06
48	74	2.2626e-06
49	74	2.2852e-06
50	74	2.3126e-06
51	74	2.3454e-06
52	74	2.3840e-06
53	74	2.4292e-06
54	74	2.4817e-06
55	74	2.5425e-06
56	74	2.6127e-06
57	74	2.6939e-06
58	74	2.7879e-06
59	74	2.8970e-06
60	74	3.0243e-06
61	74	3.1737e-06
62	74	3.3504e-06
63	74	3.5616e-06
64	74	3.8170e-06
65	74	4.1310e-06
66	74	4.5244e-06
67	74	5.0299e-06
68	74	5.7011e-06
69	74	6.6325e-06
70	74	8.0079e-06
71	74	1.0239e-05
72	74	1.4478e-05
73	74	2.5690e-05
1	75	4.8215e-05
2	75	2.6505e-05
3	75	1.8316e-05
4	75	1.4014e-05
5	75	1.1362e-05
6	75	9.5649e-06
7	75	8.2672e-06
8	75	7.2870e-06
9	75	6.5211e-06
10	75	5.9069e-06
11	75	5.4037e-06
12	75	4.9846e-06
13	75	4.6304e-06
14	75	4.3277e-06
15	75	4.0662e-06
16	75	3.8385e-06
17	75	3.6387e-06
18	75	3.4623e-06
19	75	3.3057e-06
20	75	3.1660e-06
21	75	3.0409e-06
22	75	2.9285e-06
23	75	2.8273e-06
24	75	2.7358e-06
25	75	2.6531e-06
26	75	2.5781e-06
27	75	2.5102e-06
28	75	2.4486e-06
29	75	2.3927e-06
30	75	2.3422e-06
31	75	2.2966e-06
32	75	2.2554e-06
33	75	2.2185e-06
34	75	2.1856e-06
35	75	2.1564e-06
36	75	2.1308e-06
37	75	2.1086e-06
38	75	2.0898e-06
39	75	2.0741e-06
40	75	2.0616e-06
41	75	2.0523e-06
42	75	2.0460e-06
43	75	2.0429e-06
44	75	2.0429e-06
45	75	2.0463e-06
46	75	2.0529e-06
47	75	2.0631e-06
48	75	2.0770e-06
49	75	2.0948e-06
50	75	2.1168e-06
51	75	2.1433e-06
52	75	2.1748e-06
53	75	2.2117e-06
54	75	2.2547e-06
55	75	2.3045e-06
56	75	2.3620e-06
57	75	2.4283e-06
58	75	2.5048e-06
59	75	2.5933e-06
60	75	2.6959e-06
61	75	2.8154e-06
62	75	2.9556e-06
63	75	3.1213e-06
64	75	3.3192e-06
65	75	3.5585e-06
66	75	3.8524e-06
67	75	4.2207e-06
68	75	4.6938e-06
69	75	5.3218e-06
70	75	6.1932e-06
71	75	7.4796e-06
72	75	9.5661e-06
73	75	1.3531e-05
74	75	2.4016e-05
1	76	4.5125e-05
2	76	2.4806e-05
3	76	1.7142e-05
4	76	1.3115e-05
5	76	1.0633e-05
6	76	8.9506e-06
7	76	7.7358e-06
8	76	6.8182e-06
9	76	6.1011e-06
10	76	5.5259e-06
11	76	5.0547e-06
12	76	4.6621e-06
13	76	4.3304e-06
14	76	4.0467e-06
15	76	3.8017e-06
16	76	3.5883e-06
17	76	3.4009e-06
18	76	3.2355e-06
19	76	3.0886e-06
20	76	2.9575e-06
21	76	2.8400e-06
22	76	2.7344e-06
23	76	2.6392e-06
24	76	2.5532e-06
25	76	2.4753e-06
26	76	2.4046e-06
27	76	2.3405e-06
28	76	2.2823e-06
29	76	2.2295e-06
30	76	2.1816e-06
31	76	2.1383e-06
32	76	2.0991e-06
33	76	2.0638e-06
34	76	2.0323e-06
35	76	2.0041e-06
36	76	1.9793e-06
37	76	1.9576e-06
38	76	1.9389e-06
39	76	1.9231e-06
40	76	1.9103e-06
41	76	1.9002e-06
42	76	1.8930e-06
43	76	1.8885e-06
44	76	1.8869e-06
45	76	1.8882e-06
46	76	1.8924e-06
47	76	1.8997e-06
48	76	1.9103e-06
49	76	1.9242e-06
50	76	1.9417e-06
51	76	1.9631e-06
52	76	1.9888e-06
53	76	2.0189e-06
54	76	2.0542e-06
55	76	2.0951e-06
56	76	2.1423e-06
57	76	2.1967e-06
58	76	2.2593e-06
59	76	2.3315e-06
60	76	2.4147e-06
61	76	2.5112e-06
62	76	2.6236e-06
63	76	2.7552e-06
64	76	2.9107e-06
65	76	3.0963e-06
66	76	3.3206e-06
67	76	3.5961e-06
68	76	3.9411e-06
69	76	4.3843e-06
70	76	4.9724e-06
71	76	5.7883e-06
72	76	6.9927e-06
73	76	8.9458e-06
74	76	1.2657e-05
75	76	2.2471e-05
1	77	4.2270e-05
2	77	2.3236e-05
3	77	1.6057e-05
4	77	1.2284e-05
5	77	9.9592e-06
6	77	8.3831e-06
7	77	7.2449e-06
8	77	6.3851e-06
9	77	5.7131e-06
10	77	5.1741e-06
11	77	4.7325e-06
12	77	4.3645e-06
13	77	4.0534e-06
14	77	3.7874e-06
15	77	3.5576e-06
16	77	3.3574e-06
17	77	3.1816e-06
18	77	3.0263e-06
19	77	2.8884e-06
20	77	2.7652e-06
21	77	2.6549e-06
22	77	2.5556e-06
23	77	2.4661e-06
24	77	2.3851e-06
25	77	2.3117e-06
26	77	2.2451e-06
27	77	2.1846e-06
28	77	2.1296e-06
29	77	2.0796e-06
30	77	2.0342e-06
31	77	1.9930e-06
32	77	1.9558e-06
33	77	1.9221e-06
34	77	1.8918e-06
35	77	1.8648e-06
36	77	1.8407e-06
37	77	1.8196e-06
38	77	1.8012e-06
39	77	1.7855e-06
40	77	1.7724e-06
41	77	1.7619e-06
42	77	1.7539e-06
43	77	1.7484e-06
44	77	1.7455e-06
45	77	1.7451e-06
46	77	1.7474e-06
47	77	1.7524e-06
48	77	1.7602e-06
49	77	1.7709e-06
50	77	1.7848e-06
51	77	1.8020e-06
52	77	1.8228e-06
53	77	1.8474e-06
54	77	1.8764e-06
55	77	1.9100e-06
56	77	1.9489e-06
57	77	1.9937e-06
58	77	2.0451e-06
59	77	2.1043e-06
60	77	2.1723e-06
61	77	2.2508e-06
62	77	2.3416e-06
63	77	2.4472e-06
64	77	2.5709e-06
65	77	2.7169e-06
66	77	2.8911e-06
67	77	3.1016e-06
68	77	3.3600e-06
69	77	3.6835e-06
70	77	4.0989e-06
71	77	4.6502e-06
72	77	5.4147e-06
73	77	6.5432e-06
74	77	8.3732e-06
75	77	1.1850e-05
76	77	2.1043e-05
1	78	3.9629e-05
2	78	2.1784e-05
3	78	1.5053e-05
4	78	1.1516e-05
5	78	9.3361e-06
6	78	7.8582e-06
7	78	6.7909e-06
8	78	5.9846e-06
9	78	5.3544e-06
10	78	4.8488e-06
11	78	4.4346e-06
12	78	4.0893e-06
13	78	3.7975e-06
14	78	3.5479e-06
15	78	3.3322e-06
16	78	3.1442e-06
17	78	2.9791e-06
18	78	2.8333e-06
19	78	2.7036e-06
20	78	2.5879e-06
21	78	2.4841e-06
22	78	2.3907e-06
23	78	2.3064e-06
24	78	2.2302e-06
25	78	2.1610e-06
26	78	2.0982e-06
27	78	2.0411e-06
28	78	1.9891e-06
29	78	1.9418e-06
30	78	1.8988e-06
31	78	1.8597e-06
32	78	1.8242e-06
33	78	1.7921e-06
34	78	1.7631e-06
35	78	1.7371e-06
36	78	1.7139e-06
37	78	1.6933e-06
38	78	1.6753e-06
39	78	1.6598e-06
40	78	1.6466e-06
41	78	1.6358e-06
42	78	1.6272e-06
43	78	1.6210e-06
44	78	1.6170e-06
45	78	1.6154e-06
46	78	1.6160e-06
47	78	1.6191e-06
48	78	1.6246e-06
49	78	1.6328e-06
50	78	1.6436e-06
51	78	1.6574e-06
52	78	1.6742e-06
53	78	1.6943e-06
54	78	1.7180e-06
55	78	1.7457e-06
56	78	1.7778e-06
57	78	1.8148e-06
58	78	1.8572e-06
59	78	1.9060e-06
60	78	1.9618e-06
61	78	2.0261e-06
62	78	2.1000e-06
63	78	2.1855e-06
64	78	2.2849e-06
65	78	2.4012e-06
66	78	2.5384e-06
67	78	2.7021e-06
68	78	2.8997e-06
69	78	3.1423e-06
70	78	3.4459e-06
71	78	3.8356e-06
72	78	4.3527e-06
73	78	5.0697e-06
74	78	6.1280e-06
75	78	7.8440e-06
76	78	1.1104e-05
77	78	1.9724e-05
1	79	3.7183e-05
2	79	2.0439e-05
3	79	1.4123e-05
4	79	1.0805e-05
5	79	8.7591e-06
6	79	7.3723e-06
7	79	6.3707e-06
8	79	5.6139e-06
9	79	5.0224e-06
10	79	4.5478e-06
11	79	4.1589e-06
12	79	3.8348e-06
13	79	3.5607e-06
14	79	3.3263e-06
15	79	3.1237e-06
16	79	2.9471e-06
17	79	2.7919e-06
18	79	2.6548e-06
19	79	2.5330e-06
20	79	2.4241e-06
21	79	2.3264e-06
22	79	2.2385e-06
23	79	2.1591e-06
24	79	2.0873e-06
25	79	2.0220e-06
26	79	1.9628e-06
27	79	1.9088e-06
28	79	1.8597e-06
29	79	1.8149e-06
30	79	1.7741e-06
31	79	1.7370e-06
32	79	1.7032e-06
33	79	1.6726e-06
34	79	1.6449e-06
35	79	1.6199e-06
36	79	1.5976e-06
37	79	1.5777e-06
38	79	1.5601e-06
39	79	1.5448e-06
40	79	1.5317e-06
41	79	1.5207e-06
42	79	1.5118e-06
43	79	1.5049e-06
44	79	1.5001e-06
45	79	1.4974e-06
46	79	1.4968e-06
47	79	1.4983e-06
48	79	1.5020e-06
49	79	1.5080e-06
50	79	1.5164e-06
51	79	1.5272e-06
52	79	1.5407e-06
53	79	1.5571e-06
54	79	1.5766e-06
55	79	1.5994e-06
56	79	1.6259e-06
57	79	1.6565e-06
58	79	1.6916e-06
59	79	1.7319e-06
60	79	1.7780e-06
61	79	1.8309e-06
62	79	1.8915e-06
63	79	1.9612e-06
64	79	2.0418e-06
65	79	2.1354e-06
66	79	2.2448e-06
67	79	2.3739e-06
68	79	2.5277e-06
69	79	2.7134e-06
70	79	2.9413e-06
71	79	3.2264e-06
72	79	3.5923e-06
73	79	4.0778e-06
74	79	4.7508e-06
75	79	5.7441e-06
76	79	7.3544e-06
77	79	1.0414e-05
78	79	1.8502e-05
1	80	3.4917e-05
2	80	1.9193e-05
3	80	1.3262e-05
4	80	1.0146e-05
5	80	8.2245e-06
6	80	6.9220e-06
7	80	5.9813e-06
8	80	5.2704e-06
9	80	4.7148e-06
10	80	4.2690e-06
11	80	3.9036e-06
12	80	3.5990e-06
13	80	3.3415e-06
14	80	3.1211e-06
15	80	2.9307e-06
16	80	2.7646e-06
17	80	2.6187e-06
18	80	2.4898e-06
19	80	2.3751e-06
20	80	2.2726e-06
21	80	2.1807e-06
22	80	2.0979e-06
23	80	2.0231e-06
24	80	1.9553e-06
25	80	1.8937e-06
26	80	1.8378e-06
27	80	1.7868e-06
28	80	1.7403e-06
29	80	1.6979e-06
30	80	1.6592e-06
31	80	1.6240e-06
32	80	1.5919e-06
33	80	1.5627e-06
34	80	1.5362e-06
35	80	1.5123e-06
36	80	1.4908e-06
37	80	1.4715e-06
38	80	1.4544e-06
39	80	1.4394e-06
40	80	1.4264e-06
41	80	1.4154e-06
42	80	1.4062e-06
43	80	1.3990e-06
44	80	1.3936e-06
45	80	1.3900e-06
46	80	1.3884e-06
47	80	1.3886e-06
48	80	1.3908e-06
49	80	1.3950e-06
50	80	1.4013e-06
51	80	1.4098e-06
52	80	1.4206e-06
53	80	1.4339e-06
54	80	1.4498e-06
55	80	1.4686e-06
56	80	1.4905e-06
57	80	1.5158e-06
58	80	1.5450e-06
59	80	1.5784e-06
60	80	1.6166e-06
61	80	1.6603e-06
62	80	1.7102e-06
63	80	1.7675e-06
64	80	1.8333e-06
65	80	1.9093e-06
66	80	1.9974e-06
67	80	2.1005e-06
68	80	2.2219e-06
69	80	2.3666e-06
70	80	2.5413e-06
71	80	2.7555e-06
72	80	3.0235e-06
73	80	3.3673e-06
74	80	3.8234e-06
75	80	4.4557e-06
76	80	5.3886e-06
77	80	6.9010e-06
78	80	9.7743e-06
79	80	1.7370e-05
1	81	3.2814e-05
2	81	1.8037e-05
3	81	1.2463e-05
4	81	9.5342e-06
5	81	7.7285e-06
6	81	6.5043e-06
7	81	5.6201e-06
8	81	4.9519e-06
9	81	4.4296e-06
10	81	4.0104e-06
11	81	3.6669e-06
12	81	3.3805e-06
13	81	3.1383e-06
14	81	2.9310e-06
15	81	2.7518e-06
16	81	2.5956e-06
17	81	2.4583e-06
18	81	2.3369e-06
19	81	2.2289e-06
20	81	2.1324e-06
21	81	2.0458e-06
22	81	1.9677e-06
23	81	1.8972e-06
24	81	1.8332e-06
25	81	1.7751e-06
26	81	1.7223e-06
27	81	1.6741e-06
28	81	1.6301e-06
29	81	1.5899e-06
30	81	1.5533e-06
31	81	1.5198e-06
32	81	1.4893e-06
33	81	1.4615e-06
34	81	1.4362e-06
35	81	1.4133e-06
36	81	1.3926e-06
37	81	1.3740e-06
38	81	1.3574e-06
39	81	1.3428e-06
40	81	1.3300e-06
41	81	1.3189e-06
42	81	1.3097e-06
43	81	1.3021e-06
44	81	1.2962e-06
45	81	1.2921e-06
46	81	1.2896e-06
47	81	1.2888e-06
48	81	1.2898e-06
49	81	1.2925e-06
50	81	1.2971e-06
51	81	1.3036e-06
52	81	1.3122e-06
53	81	1.3229e-06
54	81	1.3358e-06
55	81	1.3513e-06
56	81	1.3694e-06
57	81	1.3904e-06
58	81	1.4146e-06
59	81	1.4424e-06
60	81	1.4741e-06
61	81	1.5104e-06
62	81	1.5518e-06
63	81	1.5990e-06
64	81	1.6531e-06
65	81	1.7153e-06
66	81	1.7869e-06
67	81	1.8701e-06
68	81	1.9671e-06
69	81	2.0815e-06
70	81	2.2178e-06
71	81	2.3821e-06
72	81	2.5836e-06
73	81	2.8357e-06
74	81	3.1590e-06
75	81	3.5878e-06
76	81	4.1822e-06
77	81	5.0592e-06
78	81	6.4808e-06
79	81	9.1813e-06
80	81	1.6320e-05
1	82	3.0861e-05
2	82	1.6964e-05
3	82	1.1721e-05
4	82	8.9663e-06
5	82	7.2680e-06
6	82	6.1165e-06
7	82	5.2848e-06
8	82	4.6562e-06
9	82	4.1648e-06
10	82	3.7705e-06
11	82	3.4472e-06
12	82	3.1777e-06
13	82	2.9498e-06
14	82	2.7547e-06
15	82	2.5860e-06
16	82	2.4389e-06
17	82	2.3096e-06
18	82	2.1952e-06
19	82	2.0935e-06
20	82	2.0025e-06
21	82	1.9208e-06
22	82	1.8472e-06
23	82	1.7806e-06
24	82	1.7203e-06
25	82	1.6654e-06
26	82	1.6154e-06
27	82	1.5699e-06
28	82	1.5282e-06
29	82	1.4902e-06
30	82	1.4554e-06
31	82	1.4236e-06
32	82	1.3946e-06
33	82	1.3681e-06
34	82	1.3440e-06
35	82	1.3220e-06
36	82	1.3022e-06
37	82	1.2843e-06
38	82	1.2682e-06
39	82	1.2540e-06
40	82	1.2414e-06
41	82	1.2305e-06
42	82	1.2212e-06
43	82	1.2134e-06
44	82	1.2072e-06
45	82	1.2025e-06
46	82	1.1994e-06
47	82	1.1978e-06
48	82	1.1977e-06
49	82	1.1993e-06
50	82	1.2025e-06
51	82	1.2074e-06
52	82	1.2140e-06
53	82	1.2226e-06
54	82	1.2331e-06
55	82	1.2458e-06
56	82	1.2607e-06
57	82	1.2781e-06
58	82	1.2983e-06
59	82	1.3214e-06
60	82	1.3479e-06
61	82	1.3781e-06
62	82	1.4125e-06
63	82	1.4517e-06
64	82	1.4964e-06
65	82	1.5476e-06
66	82	1.6063e-06
67	82	1.6739e-06
68	82	1.7523e-06
69	82	1.8438e-06
70	82	1.9516e-06
71	82	2.0800e-06
72	82	2.2348e-06
73	82	2.4245e-06
74	82	2.6617e-06
75	82	2.9660e-06
76	82	3.3695e-06
77	82	3.9287e-06
78	82	4.7537e-06
79	82	6.0909e-06
80	82	8.6310e-06
81	82	1.5346e-05
1	83	2.9046e-05
2	83	1.5966e-05
3	83	1.1032e-05
4	83	8.4386e-06
5	83	6.8401e-06
6	83	5.7561e-06
7	83	4.9732e-06
8	83	4.3815e-06
9	83	3.9188e-06
10	83	3.5475e-06
11	83	3.2432e-06
12	83	2.9893e-06
13	83	2.7747e-06
14	83	2.5909e-06
15	83	2.4320e-06
16	83	2.2934e-06
17	83	2.1715e-06
18	83	2.0637e-06
19	83	1.9678e-06
20	83	1.8820e-06
21	83	1.8050e-06
22	83	1.7355e-06
23	83	1.6726e-06
24	83	1.6156e-06
25	83	1.5638e-06
26	83	1.5165e-06
27	83	1.4734e-06
28	83	1.4340e-06
29	83	1.3979e-06
30	83	1.3650e-06
31	83	1.3348e-06
32	83	1.3071e-06
33	83	1.2819e-06
34	83	1.2589e-06
35	83	1.2379e-06
36	83	1.2188e-06
37	83	1.2016e-06
38	83	1.1861e-06
39	83	1.1723e-06
40	83	1.1600e-06
41	83	1.1492e-06
42	83	1.1399e-06
43	83	1.1321e-06
44	83	1.1256e-06
45	83	1.1206e-06
46	83	1.1169e-06
47	83	1.1146e-06
48	83	1.1138e-06
49	83	1.1143e-06
50	83	1.1164e-06
51	83	1.1199e-06
52	83	1.1250e-06
53	83	1.1318e-06
54	83	1.1403e-06
55	83	1.1506e-06
56	83	1.1629e-06
57	83	1.1774e-06
58	83	1.1941e-06
59	83	1.2134e-06
60	83	1.2355e-06
61	83	1.2607e-06
62	83	1.2894e-06
63	83	1.3221e-06
64	83	1.3593e-06
65	83	1.4016e-06
66	83	1.4500e-06
67	83	1.5055e-06
68	83	1.5694e-06
69	83	1.6434e-06
70	83	1.7297e-06
71	83	1.8314e-06
72	83	1.9523e-06
73	83	2.0982e-06
74	83	2.2769e-06
75	83	2.5004e-06
76	83	2.7870e-06
77	83	3.1669e-06
78	83	3.6934e-06
79	83	4.4700e-06
80	83	5.7288e-06
81	83	8.1198e-06
82	83	1.4440e-05
1	84	2.7358e-05
2	84	1.5038e-05
3	84	1.0390e-05
4	84	7.9478e-06
5	84	6.4420e-06
6	84	5.4210e-06
7	84	4.6834e-06
8	84	4.1259e-06
9	84	3.6901e-06
10	84	3.3402e-06
11	84	3.0534e-06
12	84	2.8143e-06
13	84	2.6119e-06
14	84	2.4387e-06
15	84	2.2889e-06
16	84	2.1582e-06
17	84	2.0433e-06
18	84	1.9416e-06
19	84	1.8511e-06
20	84	1.7701e-06
21	84	1.6974e-06
22	84	1.6318e-06
23	84	1.5724e-06
24	84	1.5186e-06
25	84	1.4695e-06
26	84	1.4248e-06
27	84	1.3840e-06
28	84	1.3467e-06
29	84	1.3125e-06
30	84	1.2812e-06
31	84	1.2525e-06
32	84	1.2263e-06
33	84	1.2022e-06
34	84	1.1802e-06
35	84	1.1602e-06
36	84	1.1419e-06
37	84	1.1254e-06
38	84	1.1104e-06
39	84	1.0970e-06
40	84	1.0850e-06
41	84	1.0744e-06
42	84	1.0652e-06
43	84	1.0573e-06
44	84	1.0507e-06
45	84	1.0454e-06
46	84	1.0414e-06
47	84	1.0386e-06
48	84	1.0370e-06
49	84	1.0368e-06
50	84	1.0379e-06
51	84	1.0403e-06
52	84	1.0441e-06
53	84	1.0494e-06
54	84	1.0562e-06
55	84	1.0646e-06
56	84	1.0747e-06
57	84	1.0866e-06
58	84	1.1006e-06
59	84	1.1167e-06
60	84	1.1351e-06
61	84	1.1562e-06
62	84	1.1803e-06
63	84	1.2076e-06
64	84	1.2386e-06
65	84	1.2738e-06
66	84	1.3139e-06
67	84	1.3597e-06
68	84	1.4122e-06
69	84	1.4726e-06
70	84	1.5424e-06
71	84	1.6240e-06
72	84	1.7199e-06
73	84	1.8340e-06
74	84	1.9715e-06
75	84	2.1400e-06
76	84	2.3507e-06
77	84	2.6208e-06
78	84	2.9787e-06
79	84	3.4748e-06
80	84	4.2065e-06
81	84	5.3923e-06
82	84	7.6445e-06
83	84	1.3598e-05
1	85	2.5786e-05
2	85	1.4174e-05
3	85	9.7929e-06
4	85	7.4908e-06
5	85	6.0714e-06
6	85	5.1089e-06
7	85	4.4136e-06
8	85	3.8881e-06
9	85	3.4772e-06
10	85	3.1473e-06
11	85	2.8769e-06
12	85	2.6513e-06
13	85	2.4605e-06
14	85	2.2971e-06
15	85	2.1558e-06
16	85	2.0325e-06
17	85	1.9240e-06
18	85	1.8281e-06
19	85	1.7426e-06
20	85	1.6662e-06
21	85	1.5975e-06
22	85	1.5355e-06
23	85	1.4794e-06
24	85	1.4285e-06
25	85	1.3821e-06
26	85	1.3398e-06
27	85	1.3011e-06
28	85	1.2657e-06
29	85	1.2333e-06
30	85	1.2036e-06
31	85	1.1764e-06
32	85	1.1514e-06
33	85	1.1285e-06
34	85	1.1075e-06
35	85	1.0883e-06
36	85	1.0708e-06
37	85	1.0549e-06
38	85	1.0405e-06
39	85	1.0275e-06
40	85	1.0159e-06
41	85	1.0056e-06
42	85	9.9648e-07
43	85	9.8861e-07
44	85	9.8193e-07
45	85	9.7642e-07
46	85	9.7206e-07
47	85	9.6885e-07
48	85	9.6680e-07
49	85	9.6590e-07
50	85	9.6618e-07
51	85	9.6767e-07
52	85	9.7040e-07
53	85	9.7441e-07
54	85	9.7977e-07
55	85	9.8655e-07
56	85	9.9482e-07
57	85	1.0047e-06
58	85	1.0163e-06
59	85	1.0297e-06
60	85	1.0452e-06
61	85	1.0629e-06
62	85	1.0830e-06
63	85	1.1059e-06
64	85	1.1319e-06
65	85	1.1613e-06
66	85	1.1948e-06
67	85	1.2328e-06
68	85	1.2761e-06
69	85	1.3258e-06
70	85	1.3828e-06
71	85	1.4489e-06
72	85	1.5259e-06
73	85	1.6165e-06
74	85	1.7242e-06
75	85	1.8540e-06
76	85	2.0129e-06
77	85	2.2116e-06
78	85	2.4663e-06
79	85	2.8038e-06
80	85	3.2715e-06
81	85	3.9613e-06
82	85	5.0792e-06
83	85	7.2022e-06
84	85	1.2814e-05
1	86	2.4321e-05
2	86	1.3368e-05
3	86	9.2364e-06
4	86	7.0650e-06
5	86	5.7261e-06
6	86	4.8182e-06
7	86	4.1623e-06
8	86	3.6666e-06
9	86	3.2789e-06
10	86	2.9677e-06
11	86	2.7125e-06
12	86	2.4996e-06
13	86	2.3195e-06
14	86	2.1653e-06
15	86	2.0319e-06
16	86	1.9155e-06
17	86	1.8131e-06
18	86	1.7224e-06
19	86	1.6417e-06
20	86	1.5695e-06
21	86	1.5046e-06
22	86	1.4460e-06
23	86	1.3929e-06
24	86	1.3447e-06
25	86	1.3008e-06
26	86	1.2608e-06
27	86	1.2241e-06
28	86	1.1906e-06
29	86	1.1599e-06
30	86	1.1316e-06
31	86	1.1057e-06
32	86	1.0820e-06
33	86	1.0602e-06
34	86	1.0402e-06
35	86	1.0218e-06
36	86	1.0051e-06
37	86	9.8983e-07
38	86	9.7595e-07
39	86	9.6340e-07
40	86	9.5211e-07
41	86	9.4203e-07
42	86	9.3310e-07
43	86	9.2530e-07
44	86	9.1860e-07
45	86	9.1296e-07
46	86	9.0839e-07
47	86	9.0486e-07
48	86	9.0238e-07
49	86	9.0095e-07
50	86	9.0058e-07
51	86	9.0130e-07
52	86	9.0313e-07
53	86	9.0610e-07
54	86	9.1026e-07
55	86	9.1567e-07
56	86	9.2240e-07
57	86	9.3052e-07
58	86	9.4012e-07
59	86	9.5134e-07
60	86	9.6428e-07
61	86	9.7913e-07
62	86	9.9606e-07
63	86	1.0153e-06
64	86	1.0371e-06
65	86	1.0618e-06
66	86	1.0898e-06
67	86	1.1215e-06
68	86	1.1576e-06
69	86	1.1986e-06
70	86	1.2456e-06
71	86	1.2996e-06
72	86	1.3621e-06
73	86	1.4348e-06
74	86	1.5204e-06
75	86	1.6221e-06
76	86	1.7447e-06
77	86	1.8948e-06
78	86	2.0823e-06
79	86	2.3226e-06
80	86	2.6411e-06
81	86	3.0824e-06
82	86	3.7331e-06
83	86	4.7876e-06
84	86	6.7903e-06
85	86	1.2083e-05
1	87	2.2955e-05
2	87	1.2617e-05
3	87	8.7174e-06
4	87	6.6679e-06
5	87	5.4041e-06
6	87	4.5472e-06
7	87	3.9280e-06
8	87	3.4600e-06
9	87	3.0940e-06
10	87	2.8002e-06
11	87	2.5592e-06
12	87	2.3582e-06
13	87	2.1882e-06
14	87	2.0425e-06
15	87	1.9165e-06
16	87	1.8065e-06
17	87	1.7097e-06
18	87	1.6241e-06
19	87	1.5478e-06
20	87	1.4795e-06
21	87	1.4181e-06
22	87	1.3627e-06
23	87	1.3125e-06
24	87	1.2668e-06
25	87	1.2253e-06
26	87	1.1873e-06
27	87	1.1526e-06
28	87	1.1208e-06
29	87	1.0916e-06
30	87	1.0648e-06
31	87	1.0402e-06
32	87	1.0176e-06
33	87	9.9680e-07
34	87	9.7772e-07
35	87	9.6022e-07
36	87	9.4419e-07
37	87	9.2955e-07
38	87	9.1621e-07
39	87	9.0410e-07
40	87	8.9316e-07
41	87	8.8335e-07
42	87	8.7461e-07
43	87	8.6691e-07
44	87	8.6022e-07
45	87	8.5452e-07
46	87	8.4980e-07
47	87	8.4603e-07
48	87	8.4321e-07
49	87	8.4135e-07
50	87	8.4046e-07
51	87	8.4054e-07
52	87	8.4161e-07
53	87	8.4372e-07
54	87	8.4688e-07
55	87	8.5114e-07
56	87	8.5657e-07
57	87	8.6321e-07
58	87	8.7116e-07
59	87	8.8050e-07
60	87	8.9134e-07
61	87	9.0380e-07
62	87	9.1804e-07
63	87	9.3424e-07
64	87	9.5261e-07
65	87	9.7339e-07
66	87	9.9690e-07
67	87	1.0235e-06
68	87	1.0536e-06
69	87	1.0878e-06
70	87	1.1267e-06
71	87	1.1712e-06
72	87	1.2223e-06
73	87	1.2814e-06
74	87	1.3502e-06
75	87	1.4311e-06
76	87	1.5273e-06
77	87	1.6431e-06
78	87	1.7848e-06
79	87	1.9619e-06
80	87	2.1889e-06
81	87	2.4896e-06
82	87	2.9062e-06
83	87	3.5205e-06
84	87	4.5159e-06
85	87	6.4063e-06
86	87	1.1402e-05
1	88	2.1680e-05
2	88	1.1916e-05
3	88	8.2330e-06
4	88	6.2973e-06
5	88	5.1036e-06
6	88	4.2942e-06
7	88	3.7093e-06
8	88	3.2672e-06
9	88	2.9215e-06
10	88	2.6439e-06
11	88	2.4162e-06
12	88	2.2263e-06
13	88	2.0656e-06
14	88	1.9280e-06
15	88	1.8089e-06
16	88	1.7049e-06
17	88	1.6134e-06
18	88	1.5324e-06
19	88	1.4602e-06
20	88	1.3956e-06
21	88	1.3375e-06
22	88	1.2851e-06
23	88	1.2375e-06
24	88	1.1943e-06
25	88	1.1550e-06
26	88	1.1190e-06
27	88	1.0861e-06
28	88	1.0559e-06
29	88	1.0282e-06
30	88	1.0027e-06
31	88	9.7932e-07
32	88	9.5779e-07
33	88	9.3799e-07
34	88	9.1979e-07
35	88	9.0307e-07
36	88	8.8773e-07
37	88	8.7369e-07
38	88	8.6087e-07
39	88	8.4920e-07
40	88	8.3862e-07
41	88	8.2909e-07
42	88	8.2055e-07
43	88	8.1299e-07
44	88	8.0635e-07
45	88	8.0063e-07
46	88	7.9581e-07
47	88	7.9186e-07
48	88	7.8879e-07
49	88	7.8659e-07
50	88	7.8526e-07
51	88	7.8481e-07
52	88	7.8527e-07
53	88	7.8664e-07
54	88	7.8896e-07
55	88	7.9227e-07
56	88	7.9660e-07
57	88	8.0200e-07
58	88	8.0855e-07
59	88	8.1631e-07
60	88	8.2537e-07
61	88	8.3584e-07
62	88	8.4783e-07
63	88	8.6149e-07
64	88	8.7699e-07
65	88	8.9452e-07
66	88	9.1433e-07
67	88	9.3670e-07
68	88	9.6198e-07
69	88	9.9059e-07
70	88	1.0230e-06
71	88	1.0599e-06
72	88	1.1021e-06
73	88	1.1505e-06
74	88	1.2064e-06
75	88	1.2715e-06
76	88	1.3481e-06
77	88	1.4390e-06
78	88	1.5485e-06
79	88	1.6824e-06
80	88	1.8498e-06
81	88	2.0643e-06
82	88	2.3484e-06
83	88	2.7420e-06
84	88	3.3223e-06
85	88	4.2625e-06
86	88	6.0480e-06
87	88	1.0767e-05
1	89	2.0489e-05
2	89	1.1262e-05
3	89	7.7806e-06
4	89	5.9511e-06
5	89	4.8230e-06
6	89	4.0579e-06
7	89	3.5051e-06
8	89	3.0872e-06
9	89	2.7604e-06
10	89	2.4980e-06
11	89	2.2828e-06
12	89	2.1032e-06
13	89	1.9512e-06
14	89	1.8211e-06
15	89	1.7084e-06
16	89	1.6100e-06
17	89	1.5235e-06
18	89	1.4469e-06
19	89	1.3786e-06
20	89	1.3174e-06
21	89	1.2624e-06
22	89	1.2128e-06
23	89	1.1677e-06
24	89	1.1268e-06
25	89	1.0895e-06
26	89	1.0553e-06
27	89	1.0241e-06
28	89	9.9546e-07
29	89	9.6915e-07
30	89	9.4495e-07
31	89	9.2269e-07
32	89	9.0220e-07
33	89	8.8333e-07
34	89	8.6597e-07
35	89	8.5000e-07
36	89	8.3532e-07
37	89	8.2187e-07
38	89	8.0955e-07
39	89	7.9831e-07
40	89	7.8810e-07
41	89	7.7885e-07
42	89	7.7054e-07
43	89	7.6313e-07
44	89	7.5658e-07
45	89	7.5087e-07
46	89	7.4599e-07
47	89	7.4192e-07
48	89	7.3866e-07
49	89	7.3618e-07
50	89	7.3451e-07
51	89	7.3363e-07
52	89	7.3357e-07
53	89	7.3434e-07
54	89	7.3596e-07
55	89	7.3845e-07
56	89	7.4186e-07
57	89	7.4622e-07
58	89	7.5158e-07
59	89	7.5801e-07
60	89	7.6557e-07
61	89	7.7435e-07
62	89	7.8445e-07
63	89	7.9598e-07
64	89	8.0908e-07
65	89	8.2390e-07
66	89	8.4064e-07
67	89	8.5953e-07
68	89	8.8082e-07
69	89	9.0486e-07
70	89	9.3204e-07
71	89	9.6283e-07
72	89	9.9783e-07
73	89	1.0378e-06
74	89	1.0837e-06
75	89	1.1366e-06
76	89	1.1983e-06
77	89	1.2707e-06
78	89	1.3568e-06
79	89	1.4603e-06
80	89	1.5870e-06
81	89	1.7453e-06
82	89	1.9481e-06
83	89	2.2167e-06
84	89	2.5888e-06
85	89	3.1373e-06
86	89	4.0260e-06
87	89	5.7136e-06
88	89	1.0174e-05
1	90	1.9376e-05
2	90	1.0650e-05
3	90	7.3577e-06
4	90	5.6275e-06
5	90	4.5606e-06
6	90	3.8371e-06
7	90	3.3143e-06
8	90	2.9190e-06
9	90	2.6099e-06
10	90	2.3616e-06
11	90	2.1580e-06
12	90	1.9882e-06
13	90	1.8444e-06
14	90	1.7212e-06
15	90	1.6146e-06
16	90	1.5215e-06
17	90	1.4396e-06
18	90	1.3670e-06
19	90	1.3024e-06
20	90	1.2445e-06
21	90	1.1923e-06
22	90	1.1453e-06
23	90	1.1026e-06
24	90	1.0638e-06
25	90	1.0284e-06
26	90	9.9602e-07
27	90	9.6638e-07
28	90	9.3917e-07
29	90	9.1417e-07
30	90	8.9117e-07
31	90	8.6999e-07
32	90	8.5048e-07
33	90	8.3249e-07
34	90	8.1593e-07
35	90	8.0067e-07
36	90	7.8664e-07
37	90	7.7374e-07
38	90	7.6192e-07
39	90	7.5110e-07
40	90	7.4125e-07
41	90	7.3230e-07
42	90	7.2422e-07
43	90	7.1697e-07
44	90	7.1053e-07
45	90	7.0487e-07
46	90	6.9997e-07
47	90	6.9582e-07
48	90	6.9241e-07
49	90	6.8973e-07
50	90	6.8777e-07
51	90	6.8655e-07
52	90	6.8606e-07
53	90	6.8632e-07
54	90	6.8735e-07
55	90	6.8916e-07
56	90	6.9179e-07
57	90	6.9527e-07
58	90	6.9963e-07
59	90	7.0493e-07
60	90	7.1123e-07
61	90	7.1859e-07
62	90	7.2709e-07
63	90	7.3682e-07
64	90	7.4790e-07
65	90	7.6045e-07
66	90	7.7463e-07
67	90	7.9062e-07
68	90	8.0862e-07
69	90	8.2891e-07
70	90	8.5177e-07
71	90	8.7760e-07
72	90	9.0684e-07
73	90	9.4006e-07
74	90	9.7797e-07
75	90	1.0215e-06
76	90	1.0717e-06
77	90	1.1301e-06
78	90	1.1987e-06
79	90	1.2801e-06
80	90	1.3781e-06
81	90	1.4981e-06
82	90	1.6478e-06
83	90	1.8397e-06
84	90	2.0938e-06
85	90	2.4457e-06
86	90	2.9645e-06
87	90	3.8051e-06
88	90	5.4011e-06
89	90	9.6190e-06
1	91	1.8334e-05
2	91	1.0077e-05
3	91	6.9621e-06
4	91	5.3248e-06
5	91	4.3152e-06
6	91	3.6305e-06
7	91	3.1357e-06
8	91	2.7617e-06
9	91	2.4691e-06
10	91	2.2341e-06
11	91	2.0414e-06
12	91	1.8806e-06
13	91	1.7445e-06
14	91	1.6278e-06
15	91	1.5269e-06
16	91	1.4387e-06
17	91	1.3612e-06
18	91	1.2924e-06
19	91	1.2312e-06
20	91	1.1763e-06
21	91	1.1269e-06
22	91	1.0823e-06
23	91	1.0418e-06
24	91	1.0050e-06
25	91	9.7139e-07
26	91	9.4068e-07
27	91	9.1253e-07
28	91	8.8668e-07
29	91	8.6292e-07
30	91	8.4104e-07
31	91	8.2089e-07
32	91	8.0230e-07
33	91	7.8516e-07
34	91	7.6936e-07
35	91	7.5478e-07
36	91	7.4136e-07
37	91	7.2901e-07
38	91	7.1766e-07
39	91	7.0726e-07
40	91	6.9775e-07
41	91	6.8910e-07
42	91	6.8126e-07
43	91	6.7419e-07
44	91	6.6788e-07
45	91	6.6229e-07
46	91	6.5741e-07
47	91	6.5321e-07
48	91	6.4970e-07
49	91	6.4685e-07
50	91	6.4468e-07
51	91	6.4317e-07
52	91	6.4233e-07
53	91	6.4218e-07
54	91	6.4271e-07
55	91	6.4395e-07
56	91	6.4592e-07
57	91	6.4865e-07
58	91	6.5217e-07
59	91	6.5651e-07
60	91	6.6173e-07
61	91	6.6789e-07
62	91	6.7503e-07
63	91	6.8325e-07
64	91	6.9263e-07
65	91	7.0328e-07
66	91	7.1531e-07
67	91	7.2887e-07
68	91	7.4413e-07
69	91	7.6130e-07
70	91	7.8062e-07
71	91	8.0238e-07
72	91	8.2694e-07
73	91	8.5472e-07
74	91	8.8626e-07
75	91	9.2223e-07
76	91	9.6348e-07
77	91	1.0111e-06
78	91	1.0664e-06
79	91	1.1314e-06
80	91	1.2086e-06
81	91	1.3014e-06
82	91	1.4150e-06
83	91	1.5568e-06
84	91	1.7384e-06
85	91	1.9790e-06
86	91	2.3120e-06
87	91	2.8031e-06
88	91	3.5985e-06
89	91	5.1089e-06
90	91	9.1002e-06
1	92	1.7359e-05
2	92	9.5413e-06
3	92	6.5917e-06
4	92	5.0415e-06
5	92	4.0855e-06
6	92	3.4371e-06
7	92	2.9686e-06
8	92	2.6144e-06
9	92	2.3373e-06
10	92	2.1148e-06
11	92	1.9323e-06
12	92	1.7799e-06
13	92	1.6510e-06
14	92	1.5405e-06
15	92	1.4449e-06
16	92	1.3613e-06
17	92	1.2878e-06
18	92	1.2227e-06
19	92	1.1646e-06
20	92	1.1126e-06
21	92	1.0657e-06
22	92	1.0234e-06
23	92	9.8500e-07
24	92	9.5006e-07
25	92	9.1817e-07
26	92	8.8900e-07
27	92	8.6226e-07
28	92	8.3770e-07
29	92	8.1510e-07
30	92	7.9429e-07
31	92	7.7510e-07
32	92	7.5740e-07
33	92	7.4106e-07
34	92	7.2597e-07
35	92	7.1205e-07
36	92	6.9921e-07
37	92	6.8738e-07
38	92	6.7649e-07
39	92	6.6650e-07
40	92	6.5734e-07
41	92	6.4898e-07
42	92	6.4138e-07
43	92	6.3450e-07
44	92	6.2833e-07
45	92	6.2283e-07
46	92	6.1798e-07
47	92	6.1377e-07
48	92	6.1020e-07
49	92	6.0724e-07
50	92	6.0489e-07
51	92	6.0315e-07
52	92	6.0203e-07
53	92	6.0152e-07
54	92	6.0164e-07
55	92	6.0240e-07
56	92	6.0382e-07
57	92	6.0591e-07
58	92	6.0871e-07
59	92	6.1225e-07
60	92	6.1656e-07
61	92	6.2169e-07
62	92	6.2769e-07
63	92	6.3462e-07
64	92	6.4256e-07
65	92	6.5159e-07
66	92	6.6182e-07
67	92	6.7335e-07
68	92	6.8632e-07
69	92	7.0090e-07
70	92	7.1728e-07
71	92	7.3568e-07
72	92	7.5639e-07
73	92	7.7975e-07
74	92	8.0615e-07
75	92	8.3612e-07
76	92	8.7027e-07
77	92	9.0941e-07
78	92	9.5457e-07
79	92	1.0071e-06
80	92	1.0687e-06
81	92	1.1418e-06
82	92	1.2298e-06
83	92	1.3374e-06
84	92	1.4717e-06
85	92	1.6438e-06
86	92	1.8716e-06
87	92	2.1870e-06
88	92	2.6520e-06
89	92	3.4053e-06
90	92	4.8354e-06
91	92	8.6148e-06
1	93	1.6446e-05
2	93	9.0391e-06
3	93	6.2447e-06
4	93	4.7760e-06
5	93	3.8703e-06
6	93	3.2560e-06
7	93	2.8121e-06
8	93	2.4764e-06
9	93	2.2139e-06
10	93	2.0030e-06
11	93	1.8300e-06
12	93	1.6857e-06
13	93	1.5635e-06
14	93	1.4587e-06
15	93	1.3681e-06
16	93	1.2889e-06
17	93	1.2192e-06
18	93	1.1574e-06
19	93	1.1023e-06
20	93	1.0529e-06
21	93	1.0085e-06
22	93	9.6834e-07
23	93	9.3189e-07
24	93	8.9872e-07
25	93	8.6843e-07
26	93	8.4072e-07
27	93	8.1530e-07
28	93	7.9195e-07
29	93	7.7045e-07
30	93	7.5065e-07
31	93	7.3237e-07
32	93	7.1550e-07
33	93	6.9992e-07
34	93	6.8552e-07
35	93	6.7222e-07
36	93	6.5994e-07
37	93	6.4861e-07
38	93	6.3817e-07
39	93	6.2856e-07
40	93	6.1975e-07
41	93	6.1168e-07
42	93	6.0432e-07
43	93	5.9764e-07
44	93	5.9161e-07
45	93	5.8622e-07
46	93	5.8143e-07
47	93	5.7723e-07
48	93	5.7362e-07
49	93	5.7058e-07
50	93	5.6810e-07
51	93	5.6618e-07
52	93	5.6482e-07
53	93	5.6403e-07
54	93	5.6381e-07
55	93	5.6416e-07
56	93	5.6511e-07
57	93	5.6667e-07
58	93	5.6886e-07
59	93	5.7171e-07
60	93	5.7524e-07
61	93	5.7950e-07
62	93	5.8453e-07
63	93	5.9037e-07
64	93	5.9709e-07
65	93	6.0476e-07
66	93	6.1345e-07
67	93	6.2327e-07
68	93	6.3431e-07
69	93	6.4672e-07
70	93	6.6065e-07
71	93	6.7627e-07
72	93	6.9382e-07
73	93	7.1354e-07
74	93	7.3576e-07
75	93	7.6087e-07
76	93	7.8934e-07
77	93	8.2179e-07
78	93	8.5895e-07
79	93	9.0181e-07
80	93	9.5163e-07
81	93	1.0101e-06
82	93	1.0794e-06
83	93	1.1629e-06
84	93	1.2649e-06
85	93	1.3922e-06
86	93	1.5553e-06
87	93	1.7712e-06
88	93	2.0701e-06
89	93	2.5107e-06
90	93	3.2244e-06
91	93	4.5794e-06
92	93	8.1600e-06
1	94	1.5589e-05
2	94	8.5684e-06
3	94	5.9194e-06
4	94	4.5272e-06
5	94	3.6686e-06
6	94	3.0862e-06
7	94	2.6654e-06
8	94	2.3471e-06
9	94	2.0982e-06
10	94	1.8983e-06
11	94	1.7343e-06
12	94	1.5974e-06
13	94	1.4815e-06
14	94	1.3821e-06
15	94	1.2961e-06
16	94	1.2210e-06
17	94	1.1549e-06
18	94	1.0963e-06
19	94	1.0440e-06
20	94	9.9714e-07
21	94	9.5495e-07
22	94	9.1681e-07
23	94	8.8220e-07
24	94	8.5068e-07
25	94	8.2190e-07
26	94	7.9556e-07
27	94	7.7140e-07
28	94	7.4918e-07
29	94	7.2873e-07
30	94	7.0987e-07
31	94	6.9246e-07
32	94	6.7638e-07
33	94	6.6152e-07
34	94	6.4778e-07
35	94	6.3507e-07
36	94	6.2332e-07
37	94	6.1247e-07
38	94	6.0246e-07
39	94	5.9323e-07
40	94	5.8475e-07
41	94	5.7696e-07
42	94	5.6985e-07
43	94	5.6337e-07
44	94	5.5750e-07
45	94	5.5221e-07
46	94	5.4750e-07
47	94	5.4333e-07
48	94	5.3971e-07
49	94	5.3661e-07
50	94	5.3404e-07
51	94	5.3198e-07
52	94	5.3044e-07
53	94	5.2941e-07
54	94	5.2890e-07
55	94	5.2892e-07
56	94	5.2948e-07
57	94	5.3058e-07
58	94	5.3225e-07
59	94	5.3451e-07
60	94	5.3739e-07
61	94	5.4090e-07
62	94	5.4510e-07
63	94	5.5001e-07
64	94	5.5569e-07
65	94	5.6220e-07
66	94	5.6960e-07
67	94	5.7796e-07
68	94	5.8738e-07
69	94	5.9797e-07
70	94	6.0984e-07
71	94	6.2315e-07
72	94	6.3806e-07
73	94	6.5478e-07
74	94	6.7357e-07
75	94	6.9472e-07
76	94	7.1860e-07
77	94	7.4568e-07
78	94	7.7651e-07
79	94	8.1182e-07
80	94	8.5252e-07
81	94	8.9981e-07
82	94	9.5528e-07
83	94	1.0211e-06
84	94	1.1002e-06
85	94	1.1970e-06
86	94	1.3178e-06
87	94	1.4724e-06
88	94	1.6771e-06
89	94	1.9605e-06
90	94	2.3782e-06
91	94	3.0548e-06
92	94	4.3394e-06
93	94	7.7338e-06
1	95	1.4786e-05
2	95	8.1267e-06
3	95	5.6143e-06
4	95	4.2937e-06
5	95	3.4793e-06
6	95	2.9269e-06
7	95	2.5277e-06
8	95	2.2259e-06
9	95	1.9897e-06
10	95	1.8000e-06
11	95	1.6444e-06
12	95	1.5146e-06
13	95	1.4046e-06
14	95	1.3103e-06
15	95	1.2287e-06
16	95	1.1574e-06
17	95	1.0946e-06
18	95	1.0390e-06
19	95	9.8934e-07
20	95	9.4485e-07
21	95	9.0478e-07
22	95	8.6855e-07
23	95	8.3566e-07
24	95	8.0571e-07
25	95	7.7835e-07
26	95	7.5330e-07
27	95	7.3031e-07
28	95	7.0918e-07
29	95	6.8970e-07
30	95	6.7174e-07
31	95	6.5516e-07
32	95	6.3982e-07
33	95	6.2564e-07
34	95	6.1252e-07
35	95	6.0038e-07
36	95	5.8914e-07
37	95	5.7875e-07
38	95	5.6915e-07
39	95	5.6029e-07
40	95	5.5212e-07
41	95	5.4462e-07
42	95	5.3775e-07
43	95	5.3147e-07
44	95	5.2576e-07
45	95	5.2060e-07
46	95	5.1597e-07
47	95	5.1185e-07
48	95	5.0824e-07
49	95	5.0511e-07
50	95	5.0247e-07
51	95	5.0031e-07
52	95	4.9861e-07
53	95	4.9739e-07
54	95	4.9665e-07
55	95	4.9639e-07
56	95	4.9661e-07
57	95	4.9733e-07
58	95	4.9857e-07
59	95	5.0033e-07
60	95	5.0264e-07
61	95	5.0552e-07
62	95	5.0901e-07
63	95	5.1313e-07
64	95	5.1792e-07
65	95	5.2344e-07
66	95	5.2974e-07
67	95	5.3687e-07
68	95	5.4492e-07
69	95	5.5396e-07
70	95	5.6410e-07
71	95	5.7546e-07
72	95	5.8817e-07
73	95	6.0241e-07
74	95	6.1836e-07
75	95	6.3626e-07
76	95	6.5640e-07
77	95	6.7913e-07
78	95	7.0488e-07
79	95	7.3420e-07
80	95	7.6775e-07
81	95	8.0642e-07
82	95	8.5134e-07
83	95	9.0402e-07
84	95	9.6650e-07
85	95	1.0416e-06
86	95	1.1335e-06
87	95	1.2480e-06
88	95	1.3948e-06
89	95	1.5890e-06
90	95	1.8579e-06
91	95	2.2541e-06
92	95	2.8959e-06
93	95	4.1144e-06
94	95	7.3340e-06
1	96	1.4032e-05
2	96	7.7121e-06
3	96	5.3278e-06
4	96	4.0746e-06
5	96	3.3017e-06
6	96	2.7774e-06
7	96	2.3985e-06
8	96	2.1120e-06
9	96	1.8879e-06
10	96	1.7079e-06
11	96	1.5601e-06
12	96	1.4368e-06
13	96	1.3324e-06
14	96	1.2429e-06
15	96	1.1654e-06
16	96	1.0977e-06
17	96	1.0381e-06
18	96	9.8524e-07
19	96	9.3810e-07
20	96	8.9583e-07
21	96	8.5775e-07
22	96	8.2331e-07
23	96	7.9205e-07
24	96	7.6357e-07
25	96	7.3755e-07
26	96	7.1372e-07
27	96	6.9184e-07
28	96	6.7172e-07
29	96	6.5318e-07
30	96	6.3607e-07
31	96	6.2025e-07
32	96	6.0563e-07
33	96	5.9210e-07
34	96	5.7956e-07
35	96	5.6796e-07
36	96	5.5721e-07
37	96	5.4726e-07
38	96	5.3805e-07
39	96	5.2955e-07
40	96	5.2170e-07
41	96	5.1447e-07
42	96	5.0783e-07
43	96	5.0175e-07
44	96	4.9621e-07
45	96	4.9118e-07
46	96	4.8664e-07
47	96	4.8259e-07
48	96	4.7900e-07
49	96	4.7587e-07
50	96	4.7318e-07
51	96	4.7093e-07
52	96	4.6913e-07
53	96	4.6775e-07
54	96	4.6682e-07
55	96	4.6632e-07
56	96	4.6626e-07
57	96	4.6666e-07
58	96	4.6752e-07
59	96	4.6886e-07
60	96	4.7069e-07
61	96	4.7303e-07
62	96	4.7591e-07
63	96	4.7935e-07
64	96	4.8339e-07
65	96	4.8807e-07
66	96	4.9342e-07
67	96	4.9951e-07
68	96	5.0638e-07
69	96	5.1412e-07
70	96	5.2280e-07
71	96	5.3252e-07
72	96	5.4339e-07
73	96	5.5554e-07
74	96	5.6913e-07
75	96	5.8434e-07
76	96	6.0140e-07
77	96	6.2059e-07
78	96	6.4223e-07
79	96	6.6674e-07
80	96	6.9462e-07
81	96	7.2653e-07
82	96	7.6329e-07
83	96	8.0597e-07
84	96	8.5602e-07
85	96	9.1537e-07
86	96	9.8671e-07
87	96	1.0739e-06
88	96	1.1827e-06
89	96	1.3220e-06
90	96	1.5064e-06
91	96	1.7616e-06
92	96	2.1377e-06
93	96	2.7468e-06
94	96	3.9032e-06
95	96	6.9587e-06
1	97	1.3323e-05
2	97	7.3227e-06
3	97	5.0587e-06
4	97	3.8687e-06
5	97	3.1348e-06
6	97	2.6370e-06
7	97	2.2772e-06
8	97	2.0051e-06
9	97	1.7923e-06
10	97	1.6213e-06
11	97	1.4810e-06
12	97	1.3639e-06
13	97	1.2647e-06
14	97	1.1797e-06
15	97	1.1061e-06
16	97	1.0417e-06
17	97	9.8506e-07
18	97	9.3482e-07
19	97	8.9001e-07
20	97	8.4983e-07
21	97	8.1364e-07
22	97	7.8089e-07
23	97	7.5115e-07
24	97	7.2406e-07
25	97	6.9930e-07
26	97	6.7662e-07
27	97	6.5579e-07
28	97	6.3663e-07
29	97	6.1896e-07
30	97	6.0265e-07
31	97	5.8758e-07
32	97	5.7362e-07
33	97	5.6070e-07
34	97	5.4873e-07
35	97	5.3764e-07
36	97	5.2735e-07
37	97	5.1782e-07
38	97	5.0900e-07
39	97	5.0083e-07
40	97	4.9329e-07
41	97	4.8633e-07
42	97	4.7992e-07
43	97	4.7404e-07
44	97	4.6866e-07
45	97	4.6377e-07
46	97	4.5934e-07
47	97	4.5535e-07
48	97	4.5180e-07
49	97	4.4868e-07
50	97	4.4597e-07
51	97	4.4367e-07
52	97	4.4177e-07
53	97	4.4027e-07
54	97	4.3918e-07
55	97	4.3849e-07
56	97	4.3820e-07
57	97	4.3832e-07
58	97	4.3887e-07
59	97	4.3984e-07
60	97	4.4126e-07
61	97	4.4314e-07
62	97	4.4550e-07
63	97	4.4836e-07
64	97	4.5176e-07
65	97	4.5571e-07
66	97	4.6026e-07
67	97	4.6545e-07
68	97	4.7133e-07
69	97	4.7795e-07
70	97	4.8539e-07
71	97	4.9372e-07
72	97	5.0304e-07
73	97	5.1344e-07
74	97	5.2505e-07
75	97	5.3803e-07
76	97	5.5255e-07
77	97	5.6882e-07
78	97	5.8710e-07
79	97	6.0772e-07
80	97	6.3105e-07
81	97	6.5758e-07
82	97	6.8793e-07
83	97	7.2289e-07
84	97	7.6348e-07
85	97	8.1105e-07
86	97	8.6745e-07
87	97	9.3524e-07
88	97	1.0181e-06
89	97	1.1214e-06
90	97	1.2537e-06
91	97	1.4289e-06
92	97	1.6712e-06
93	97	2.0284e-06
94	97	2.6068e-06
95	97	3.7049e-06
96	97	6.6063e-06
1	98	1.2657e-05
2	98	6.9566e-06
3	98	4.8057e-06
4	98	3.6752e-06
5	98	2.9780e-06
6	98	2.5050e-06
7	98	2.1632e-06
8	98	1.9047e-06
9	98	1.7024e-06
10	98	1.5399e-06
11	98	1.4066e-06
12	98	1.2953e-06
13	98	1.2011e-06
14	98	1.1203e-06
15	98	1.0503e-06
16	98	9.8911e-07
17	98	9.3524e-07
18	98	8.8748e-07
19	98	8.4487e-07
20	98	8.0665e-07
21	98	7.7222e-07
22	98	7.4107e-07
23	98	7.1277e-07
24	98	6.8699e-07
25	98	6.6342e-07
26	98	6.4182e-07
27	98	6.2199e-07
28	98	6.0373e-07
29	98	5.8689e-07
30	98	5.7134e-07
31	98	5.5696e-07
32	98	5.4364e-07
33	98	5.3131e-07
34	98	5.1987e-07
35	98	5.0926e-07
36	98	4.9942e-07
37	98	4.9029e-07
38	98	4.8183e-07
39	98	4.7399e-07
40	98	4.6674e-07
41	98	4.6004e-07
42	98	4.5386e-07
43	98	4.4818e-07
44	98	4.4297e-07
45	98	4.3821e-07
46	98	4.3388e-07
47	98	4.2998e-07
48	98	4.2648e-07
49	98	4.2338e-07
50	98	4.2066e-07
51	98	4.1833e-07
52	98	4.1636e-07
53	98	4.1477e-07
54	98	4.1355e-07
55	98	4.1269e-07
56	98	4.1221e-07
57	98	4.1211e-07
58	98	4.1239e-07
59	98	4.1305e-07
60	98	4.1412e-07
61	98	4.1561e-07
62	98	4.1752e-07
63	98	4.1988e-07
64	98	4.2272e-07
65	98	4.2605e-07
66	98	4.2991e-07
67	98	4.3434e-07
68	98	4.3936e-07
69	98	4.4504e-07
70	98	4.5143e-07
71	98	4.5858e-07
72	98	4.6657e-07
73	98	4.7550e-07
74	98	4.8545e-07
75	98	4.9656e-07
76	98	5.0895e-07
77	98	5.2281e-07
78	98	5.3833e-07
79	98	5.5576e-07
80	98	5.7541e-07
81	98	5.9763e-07
82	98	6.2289e-07
83	98	6.5178e-07
84	98	6.8504e-07
85	98	7.2364e-07
86	98	7.6889e-07
87	98	8.2252e-07
88	98	8.8696e-07
89	98	9.6572e-07
90	98	1.0639e-06
91	98	1.1897e-06
92	98	1.3561e-06
93	98	1.5864e-06
94	98	1.9257e-06
95	98	2.4753e-06
96	98	3.5186e-06
97	98	6.2750e-06
1	99	1.2031e-05
2	99	6.6122e-06
3	99	4.5678e-06
4	99	3.4932e-06
5	99	2.8304e-06
6	99	2.3808e-06
7	99	2.0559e-06
8	99	1.8102e-06
9	99	1.6179e-06
10	99	1.4634e-06
11	99	1.3367e-06
12	99	1.2308e-06
13	99	1.1412e-06
14	99	1.0644e-06
15	99	9.9783e-07
16	99	9.3966e-07
17	99	8.8842e-07
18	99	8.4299e-07
19	99	8.0245e-07
20	99	7.6609e-07
21	99	7.3332e-07
22	99	7.0367e-07
23	99	6.7673e-07
24	99	6.5218e-07
25	99	6.2973e-07
26	99	6.0916e-07
27	99	5.9026e-07
28	99	5.7286e-07
29	99	5.5680e-07
30	99	5.4197e-07
31	99	5.2825e-07
32	99	5.1554e-07
33	99	5.0375e-07
34	99	4.9282e-07
35	99	4.8268e-07
36	99	4.7326e-07
37	99	4.6452e-07
38	99	4.5640e-07
39	99	4.4888e-07
40	99	4.4191e-07
41	99	4.3546e-07
42	99	4.2951e-07
43	99	4.2402e-07
44	99	4.1897e-07
45	99	4.1435e-07
46	99	4.1014e-07
47	99	4.0632e-07
48	99	4.0288e-07
49	99	3.9981e-07
50	99	3.9710e-07
51	99	3.9475e-07
52	99	3.9274e-07
53	99	3.9107e-07
54	99	3.8975e-07
55	99	3.8876e-07
56	99	3.8812e-07
57	99	3.8782e-07
58	99	3.8787e-07
59	99	3.8828e-07
60	99	3.8905e-07
61	99	3.9020e-07
62	99	3.9173e-07
63	99	3.9367e-07
64	99	3.9602e-07
65	99	3.9882e-07
66	99	4.0209e-07
67	99	4.0586e-07
68	99	4.1016e-07
69	99	4.1502e-07
70	99	4.2050e-07
71	99	4.2665e-07
72	99	4.3353e-07
73	99	4.4120e-07
74	99	4.4975e-07
75	99	4.5928e-07
76	99	4.6990e-07
77	99	4.8175e-07
78	99	4.9498e-07
79	99	5.0979e-07
80	99	5.2641e-07
81	99	5.4514e-07
82	99	5.6631e-07
83	99	5.9037e-07
84	99	6.1788e-07
85	99	6.4954e-07
86	99	6.8628e-07
87	99	7.2933e-07
88	99	7.8034e-07
89	99	8.4165e-07
90	99	9.1654e-07
91	99	1.0099e-06
92	99	1.1295e-06
93	99	1.2877e-06
94	99	1.5066e-06
95	99	1.8292e-06
96	99	2.3517e-06
97	99	3.3434e-06
98	99	5.9635e-06
1	100	1.1441e-05
2	100	6.2881e-06
3	100	4.3439e-06
4	100	3.3219e-06
5	100	2.6916e-06
6	100	2.2640e-06
7	100	1.9550e-06
8	100	1.7212e-06
9	100	1.5384e-06
10	100	1.3914e-06
11	100	1.2709e-06
12	100	1.1702e-06
13	100	1.0849e-06
14	100	1.0118e-06
15	100	9.4850e-07
16	100	8.9315e-07
17	100	8.4439e-07
18	100	8.0115e-07
19	100	7.6256e-07
20	100	7.2795e-07
21	100	6.9675e-07
22	100	6.6852e-07
23	100	6.4286e-07
24	100	6.1947e-07
25	100	5.9809e-07
26	100	5.7848e-07
27	100	5.6047e-07
28	100	5.4387e-07
29	100	5.2856e-07
30	100	5.1441e-07
31	100	5.0131e-07
32	100	4.8917e-07
33	100	4.7791e-07
34	100	4.6746e-07
35	100	4.5776e-07
36	100	4.4874e-07
37	100	4.4037e-07
38	100	4.3259e-07
39	100	4.2537e-07
40	100	4.1867e-07
41	100	4.1247e-07
42	100	4.0673e-07
43	100	4.0143e-07
44	100	3.9655e-07
45	100	3.9207e-07
46	100	3.8797e-07
47	100	3.8424e-07
48	100	3.8087e-07
49	100	3.7784e-07
50	100	3.7515e-07
51	100	3.7279e-07
52	100	3.7075e-07
53	100	3.6903e-07
54	100	3.6762e-07
55	100	3.6653e-07
56	100	3.6576e-07
57	100	3.6530e-07
58	100	3.6516e-07
59	100	3.6534e-07
60	100	3.6586e-07
61	100	3.6672e-07
62	100	3.6792e-07
63	100	3.6949e-07
64	100	3.7144e-07
65	100	3.7378e-07
66	100	3.7654e-07
67	100	3.7974e-07
68	100	3.8341e-07
69	100	3.8758e-07
70	100	3.9229e-07
71	100	3.9757e-07
72	100	4.0349e-07
73	100	4.1010e-07
74	100	4.1747e-07
75	100	4.2566e-07
76	100	4.3479e-07
77	100	4.4495e-07
78	100	4.5627e-07
79	100	4.6891e-07
80	100	4.8305e-07
81	100	4.9891e-07
82	100	5.1676e-07
83	100	5.3694e-07
84	100	5.5987e-07
85	100	5.8607e-07
86	100	6.1623e-07
87	100	6.5121e-07
88	100	6.9219e-07
89	100	7.4074e-07
90	100	7.9908e-07
91	100	8.7034e-07
92	100	9.5921e-07
93	100	1.0729e-06
94	100	1.2234e-06
95	100	1.4317e-06
96	100	1.7385e-06
97	100	2.2354e-06
98	100	3.1785e-06
99	100	5.6704e-06
