1.00351e-08	2.256e-30 nuFnu extrapolate
1.00853e-08	2.291e-30
1.01359e-08	2.325e-30
1.01867e-08	2.360e-30
1.02377e-08	2.396e-30
1.02891e-08	2.432e-30
1.03406e-08	2.469e-30
1.03924e-08	2.506e-30
1.04445e-08	2.544e-30
1.04969e-08	2.583e-30
1.05495e-08	2.622e-30
1.06024e-08	2.661e-30
1.06555e-08	2.701e-30
1.07089e-08	2.742e-30
1.07626e-08	2.784e-30
1.08165e-08	2.826e-30
1.08707e-08	2.868e-30
1.09252e-08	2.912e-30
1.09800e-08	2.956e-30
1.10350e-08	3.000e-30
1.10903e-08	3.046e-30
1.11459e-08	3.092e-30
1.12017e-08	3.138e-30
1.12579e-08	3.186e-30
1.13143e-08	3.234e-30
1.13710e-08	3.283e-30
1.14280e-08	3.333e-30
1.14853e-08	3.383e-30
1.15428e-08	3.434e-30
1.16007e-08	3.486e-30
1.16588e-08	3.539e-30
1.17173e-08	3.592e-30
1.17760e-08	3.646e-30
1.18350e-08	3.701e-30
1.18943e-08	3.757e-30
1.19539e-08	3.814e-30
1.20138e-08	3.872e-30
1.20741e-08	3.930e-30
1.21346e-08	3.990e-30
1.21954e-08	4.050e-30
1.22565e-08	4.111e-30
1.23179e-08	4.173e-30
1.23797e-08	4.236e-30
1.24417e-08	4.300e-30
1.25041e-08	4.365e-30
1.25667e-08	4.431e-30
1.26297e-08	4.498e-30
1.26930e-08	4.566e-30
1.27566e-08	4.635e-30
1.28206e-08	4.705e-30
1.28848e-08	4.776e-30
1.29494e-08	4.849e-30
1.30143e-08	4.922e-30
1.30795e-08	4.996e-30
1.31451e-08	5.072e-30
1.32110e-08	5.148e-30
1.32772e-08	5.226e-30
1.33437e-08	5.305e-30
1.34106e-08	5.385e-30
1.34778e-08	5.467e-30
1.35453e-08	5.549e-30
1.36132e-08	5.633e-30
1.36815e-08	5.718e-30
1.37500e-08	5.805e-30
1.38189e-08	5.892e-30
1.38882e-08	5.981e-30
1.39578e-08	6.072e-30
1.40278e-08	6.164e-30
1.40981e-08	6.257e-30
1.41687e-08	6.351e-30
1.42397e-08	6.447e-30
1.43111e-08	6.545e-30
1.43828e-08	6.643e-30
1.44549e-08	6.744e-30
1.45274e-08	6.846e-30
1.46002e-08	6.949e-30
1.46733e-08	7.054e-30
1.47469e-08	7.161e-30
1.48208e-08	7.269e-30
1.48951e-08	7.379e-30
1.49697e-08	7.490e-30
1.50447e-08	7.604e-30
1.51201e-08	7.718e-30
1.51959e-08	7.835e-30
1.52721e-08	7.953e-30
1.53486e-08	8.074e-30
1.54256e-08	8.196e-30
1.55029e-08	8.320e-30
1.55806e-08	8.445e-30
1.56586e-08	8.573e-30
1.57371e-08	8.702e-30
1.58160e-08	8.834e-30
1.58953e-08	8.967e-30
1.59749e-08	9.103e-30
1.60550e-08	9.240e-30
1.61355e-08	9.380e-30
1.62163e-08	9.522e-30
1.62976e-08	9.666e-30
1.63793e-08	9.812e-30
1.64614e-08	9.960e-30
1.65439e-08	1.011e-29
1.66268e-08	1.026e-29
1.67101e-08	1.042e-29
1.67939e-08	1.058e-29
1.68780e-08	1.074e-29
1.69626e-08	1.090e-29
1.70476e-08	1.106e-29
1.71331e-08	1.123e-29
1.72189e-08	1.140e-29
1.73052e-08	1.157e-29
1.73920e-08	1.175e-29
1.74791e-08	1.192e-29
1.75667e-08	1.210e-29
1.76548e-08	1.229e-29
1.77433e-08	1.247e-29
1.78322e-08	1.266e-29
1.79216e-08	1.285e-29
1.80114e-08	1.305e-29
1.81017e-08	1.324e-29
1.81924e-08	1.344e-29
1.82836e-08	1.365e-29
1.83752e-08	1.385e-29
1.84673e-08	1.406e-29
1.85598e-08	1.428e-29
1.86529e-08	1.449e-29
1.87463e-08	1.471e-29
1.88403e-08	1.493e-29
1.89347e-08	1.516e-29
1.90296e-08	1.539e-29
1.91250e-08	1.562e-29
1.92208e-08	1.586e-29
1.93172e-08	1.610e-29
1.94140e-08	1.634e-29
1.95113e-08	1.659e-29
1.96091e-08	1.684e-29
1.97074e-08	1.709e-29
1.98061e-08	1.735e-29
1.99054e-08	1.761e-29
2.00052e-08	1.788e-29
2.01054e-08	1.815e-29
2.02062e-08	1.842e-29
2.03075e-08	1.870e-29
2.04092e-08	1.898e-29
2.05115e-08	1.927e-29
2.06143e-08	1.956e-29
2.07176e-08	1.986e-29
2.08215e-08	2.016e-29
2.09258e-08	2.046e-29
2.10307e-08	2.077e-29
2.11361e-08	2.108e-29
2.12420e-08	2.140e-29
2.13485e-08	2.173e-29
2.14555e-08	2.205e-29
2.15630e-08	2.239e-29
2.16711e-08	2.273e-29
2.17797e-08	2.307e-29
2.18889e-08	2.342e-29
2.19986e-08	2.377e-29
2.21088e-08	2.413e-29
2.22196e-08	2.449e-29
2.23310e-08	2.486e-29
2.24429e-08	2.524e-29
2.25554e-08	2.562e-29
2.26684e-08	2.601e-29
2.27820e-08	2.640e-29
2.28962e-08	2.680e-29
2.30110e-08	2.721e-29
2.31263e-08	2.762e-29
2.32422e-08	2.803e-29
2.33587e-08	2.846e-29
2.34758e-08	2.889e-29
2.35934e-08	2.932e-29
2.37117e-08	2.977e-29
2.38305e-08	3.022e-29
2.39499e-08	3.067e-29
2.40700e-08	3.114e-29
2.41906e-08	3.161e-29
2.43118e-08	3.209e-29
2.44337e-08	3.257e-29
2.45561e-08	3.306e-29
2.46792e-08	3.356e-29
2.48029e-08	3.407e-29
2.49272e-08	3.458e-29
2.50521e-08	3.511e-29
2.51777e-08	3.564e-29
2.53039e-08	3.618e-29
2.54307e-08	3.672e-29
2.55582e-08	3.728e-29
2.56862e-08	3.784e-29
2.58150e-08	3.841e-29
2.59444e-08	3.899e-29
2.60744e-08	3.958e-29
2.62051e-08	4.018e-29
2.63364e-08	4.079e-29
2.64684e-08	4.140e-29
2.66011e-08	4.203e-29
2.67344e-08	4.267e-29
2.68684e-08	4.331e-29
2.70030e-08	4.396e-29
2.71384e-08	4.463e-29
2.72744e-08	4.530e-29
2.74111e-08	4.599e-29
2.75485e-08	4.668e-29
2.76865e-08	4.739e-29
2.78253e-08	4.810e-29
2.79647e-08	4.883e-29
2.81049e-08	4.957e-29
2.82457e-08	5.032e-29
2.83873e-08	5.108e-29
2.85296e-08	5.185e-29
2.86726e-08	5.263e-29
2.88163e-08	5.343e-29
2.89607e-08	5.424e-29
2.91058e-08	5.506e-29
2.92517e-08	5.589e-29
2.93983e-08	5.673e-29
2.95457e-08	5.759e-29
2.96937e-08	5.846e-29
2.98426e-08	5.934e-29
2.99921e-08	6.024e-29
3.01424e-08	6.115e-29
3.02935e-08	6.207e-29
3.04453e-08	6.301e-29
3.05979e-08	6.396e-29
3.07513e-08	6.493e-29
3.09054e-08	6.591e-29
3.10603e-08	6.691e-29
3.12160e-08	6.792e-29
3.13724e-08	6.895e-29
3.15296e-08	6.999e-29
3.16877e-08	7.104e-29
3.18465e-08	7.212e-29
3.20061e-08	7.321e-29
3.21665e-08	7.431e-29
3.23277e-08	7.544e-29
3.24897e-08	7.658e-29
3.26526e-08	7.773e-29
3.28162e-08	7.891e-29
3.29807e-08	8.010e-29
3.31460e-08	8.131e-29
3.33121e-08	8.254e-29
3.34790e-08	8.379e-29
3.36468e-08	8.505e-29
3.38155e-08	8.634e-29
3.39849e-08	8.764e-29
3.41553e-08	8.897e-29
3.43265e-08	9.031e-29
3.44985e-08	9.168e-29
3.46714e-08	9.306e-29
3.48452e-08	9.447e-29
3.50198e-08	9.590e-29
3.51953e-08	9.735e-29
3.53717e-08	9.882e-29
3.55490e-08	1.003e-28
3.57271e-08	1.018e-28
3.59062e-08	1.034e-28
3.60862e-08	1.049e-28
3.62670e-08	1.065e-28
3.64488e-08	1.081e-28
3.66315e-08	1.098e-28
3.68150e-08	1.114e-28
3.69996e-08	1.131e-28
3.71850e-08	1.148e-28
3.73714e-08	1.165e-28
3.75587e-08	1.183e-28
3.77469e-08	1.201e-28
3.79361e-08	1.219e-28
3.81262e-08	1.237e-28
3.83173e-08	1.256e-28
3.85093e-08	1.275e-28
3.87023e-08	1.294e-28
3.88963e-08	1.314e-28
3.90912e-08	1.334e-28
3.92872e-08	1.354e-28
3.94841e-08	1.374e-28
3.96820e-08	1.395e-28
3.98808e-08	1.416e-28
4.00807e-08	1.438e-28
4.02816e-08	1.459e-28
4.04835e-08	1.481e-28
4.06864e-08	1.504e-28
4.08903e-08	1.527e-28
4.10952e-08	1.550e-28
4.13012e-08	1.573e-28
4.15082e-08	1.597e-28
4.17162e-08	1.621e-28
4.19253e-08	1.645e-28
4.21354e-08	1.670e-28
4.23466e-08	1.696e-28
4.25588e-08	1.721e-28
4.27721e-08	1.747e-28
4.29865e-08	1.774e-28
4.32019e-08	1.800e-28
4.34184e-08	1.828e-28
4.36360e-08	1.855e-28
4.38547e-08	1.883e-28
4.40745e-08	1.912e-28
4.42954e-08	1.941e-28
4.45174e-08	1.970e-28
4.47405e-08	2.000e-28
4.49648e-08	2.030e-28
4.51901e-08	2.061e-28
4.54166e-08	2.092e-28
4.56442e-08	2.123e-28
4.58730e-08	2.155e-28
4.61029e-08	2.188e-28
4.63340e-08	2.221e-28
4.65662e-08	2.255e-28
4.67996e-08	2.289e-28
4.70341e-08	2.323e-28
4.72698e-08	2.358e-28
4.75068e-08	2.394e-28
4.77448e-08	2.430e-28
4.79841e-08	2.467e-28
4.82246e-08	2.504e-28
4.84663e-08	2.542e-28
4.87092e-08	2.580e-28
4.89533e-08	2.619e-28
4.91987e-08	2.659e-28
4.94453e-08	2.699e-28
4.96931e-08	2.740e-28
4.99421e-08	2.781e-28
5.01924e-08	2.823e-28
5.04440e-08	2.866e-28
5.06968e-08	2.909e-28
5.09509e-08	2.953e-28
5.12062e-08	2.998e-28
5.14629e-08	3.043e-28
5.17208e-08	3.089e-28
5.19800e-08	3.136e-28
5.22405e-08	3.183e-28
5.25024e-08	3.231e-28
5.27655e-08	3.280e-28
5.30299e-08	3.330e-28
5.32957e-08	3.380e-28
5.35628e-08	3.431e-28
5.38313e-08	3.483e-28
5.41011e-08	3.536e-28
5.43722e-08	3.589e-28
5.46447e-08	3.643e-28
5.49186e-08	3.698e-28
5.51938e-08	3.754e-28
5.54705e-08	3.811e-28
5.57485e-08	3.869e-28
5.60279e-08	3.927e-28
5.63087e-08	3.986e-28
5.65909e-08	4.047e-28
5.68745e-08	4.108e-28
5.71596e-08	4.170e-28
5.74460e-08	4.233e-28
5.77339e-08	4.297e-28
5.80233e-08	4.362e-28
5.83141e-08	4.428e-28
5.86064e-08	4.495e-28
5.89001e-08	4.563e-28
5.91953e-08	4.632e-28
5.94920e-08	4.702e-28
5.97901e-08	4.773e-28
6.00898e-08	4.845e-28
6.03909e-08	4.918e-28
6.06936e-08	4.992e-28
6.09978e-08	5.068e-28
6.13035e-08	5.144e-28
6.16107e-08	5.222e-28
6.19195e-08	5.301e-28
6.22299e-08	5.381e-28
6.25417e-08	5.462e-28
6.28552e-08	5.545e-28
6.31702e-08	5.629e-28
6.34868e-08	5.714e-28
6.38050e-08	5.800e-28
6.41248e-08	5.888e-28
6.44462e-08	5.977e-28
6.47692e-08	6.067e-28
6.50938e-08	6.159e-28
6.54200e-08	6.252e-28
6.57479e-08	6.346e-28
6.60774e-08	6.442e-28
6.64086e-08	6.539e-28
6.67414e-08	6.638e-28
6.70759e-08	6.738e-28
6.74121e-08	6.840e-28
6.77499e-08	6.944e-28
6.80895e-08	7.049e-28
6.84307e-08	7.155e-28
6.87737e-08	7.263e-28
6.91184e-08	7.373e-28
6.94648e-08	7.484e-28
6.98129e-08	7.597e-28
7.01628e-08	7.712e-28
7.05145e-08	7.829e-28
7.08679e-08	7.947e-28
7.12230e-08	8.067e-28
7.15800e-08	8.189e-28
7.19388e-08	8.313e-28
7.22993e-08	8.439e-28
7.26617e-08	8.566e-28
7.30258e-08	8.695e-28
7.33918e-08	8.827e-28
7.37596e-08	8.960e-28
7.41293e-08	9.096e-28
7.45008e-08	9.233e-28
7.48742e-08	9.373e-28
7.52495e-08	9.514e-28
7.56266e-08	9.658e-28
7.60056e-08	9.804e-28
7.63866e-08	9.952e-28
7.67694e-08	1.010e-27
7.71542e-08	1.026e-27
7.75409e-08	1.041e-27
7.79295e-08	1.057e-27
7.83200e-08	1.073e-27
7.87126e-08	1.089e-27
7.91071e-08	1.105e-27
7.95035e-08	1.122e-27
7.99020e-08	1.139e-27
8.03024e-08	1.156e-27
8.07049e-08	1.174e-27
8.11094e-08	1.191e-27
8.15159e-08	1.209e-27
8.19244e-08	1.228e-27
8.23350e-08	1.246e-27
8.27477e-08	1.265e-27
8.31624e-08	1.284e-27
8.35792e-08	1.304e-27
8.39981e-08	1.323e-27
8.44191e-08	1.343e-27
8.48422e-08	1.364e-27
8.52674e-08	1.384e-27
8.56947e-08	1.405e-27
8.61242e-08	1.426e-27
8.65559e-08	1.448e-27
8.69897e-08	1.470e-27
8.74256e-08	1.492e-27
8.78638e-08	1.515e-27
8.83042e-08	1.537e-27
8.87467e-08	1.561e-27
8.91915e-08	1.584e-27
8.96385e-08	1.608e-27
9.00878e-08	1.633e-27
9.05393e-08	1.657e-27
9.09930e-08	1.682e-27
9.14491e-08	1.708e-27
9.19074e-08	1.733e-27
9.23680e-08	1.760e-27
9.28310e-08	1.786e-27
9.32962e-08	1.813e-27
9.37638e-08	1.841e-27
9.42337e-08	1.868e-27
9.47060e-08	1.897e-27
9.51807e-08	1.925e-27
9.56577e-08	1.954e-27
9.61371e-08	1.984e-27
9.66189e-08	2.014e-27
9.71032e-08	2.044e-27
9.75898e-08	2.075e-27
9.80790e-08	2.107e-27
9.85705e-08	2.138e-27
9.90645e-08	2.171e-27
9.95610e-08	2.204e-27
1.00060e-07	2.237e-27
1.00561e-07	2.271e-27
1.01065e-07	2.305e-27
1.01572e-07	2.340e-27
1.02081e-07	2.375e-27
1.02593e-07	2.411e-27
1.03107e-07	2.448e-27
1.03624e-07	2.484e-27
1.04143e-07	2.522e-27
1.04665e-07	2.560e-27
1.05189e-07	2.599e-27
1.05717e-07	2.638e-27
1.06247e-07	2.678e-27
1.06779e-07	2.718e-27
1.07314e-07	2.760e-27
1.07852e-07	2.801e-27
1.08393e-07	2.844e-27
1.08936e-07	2.887e-27
1.09482e-07	2.930e-27
1.10030e-07	2.974e-27
1.10582e-07	3.019e-27
1.11136e-07	3.065e-27
1.11693e-07	3.111e-27
1.12253e-07	3.158e-27
1.12815e-07	3.206e-27
1.13381e-07	3.254e-27
1.13949e-07	3.304e-27
1.14520e-07	3.354e-27
1.15094e-07	3.404e-27
1.15671e-07	3.456e-27
1.16251e-07	3.508e-27
1.16833e-07	3.561e-27
1.17419e-07	3.615e-27
1.18007e-07	3.669e-27
1.18599e-07	3.725e-27
1.19193e-07	3.781e-27
1.19791e-07	3.838e-27
1.20391e-07	3.896e-27
1.20994e-07	3.955e-27
1.21601e-07	4.015e-27
1.22210e-07	4.076e-27
1.22823e-07	4.137e-27
1.23438e-07	4.200e-27
1.24057e-07	4.263e-27
1.24679e-07	4.328e-27
1.25304e-07	4.393e-27
1.25932e-07	4.459e-27
1.26563e-07	4.527e-27
1.27197e-07	4.595e-27
1.27835e-07	4.665e-27
1.28475e-07	4.735e-27
1.29119e-07	4.807e-27
1.29766e-07	4.879e-27
1.30417e-07	4.953e-27
1.31070e-07	5.028e-27
1.31727e-07	5.104e-27
1.32387e-07	5.181e-27
1.33051e-07	5.259e-27
1.33718e-07	5.339e-27
1.34388e-07	5.419e-27
1.35061e-07	5.501e-27
1.35738e-07	5.584e-27
1.36419e-07	5.669e-27
1.37102e-07	5.754e-27
1.37789e-07	5.841e-27
1.38480e-07	5.930e-27
1.39174e-07	6.019e-27
1.39872e-07	6.110e-27
1.40573e-07	6.202e-27
1.41277e-07	6.296e-27
1.41985e-07	6.391e-27
1.42697e-07	6.488e-27
1.43412e-07	6.586e-27
1.44131e-07	6.685e-27
1.44853e-07	6.787e-27
1.45579e-07	6.889e-27
1.46309e-07	6.993e-27
1.47042e-07	7.099e-27
1.47779e-07	7.206e-27
1.48519e-07	7.315e-27
1.49264e-07	7.426e-27
1.50012e-07	7.538e-27
1.50764e-07	7.652e-27
1.51519e-07	7.767e-27
1.52279e-07	7.885e-27
1.53042e-07	8.004e-27
1.53809e-07	8.125e-27
1.54580e-07	8.247e-27
1.55355e-07	8.372e-27
1.56133e-07	8.499e-27
1.56916e-07	8.627e-27
1.57702e-07	8.757e-27
1.58492e-07	8.890e-27
1.59287e-07	9.024e-27
1.60085e-07	9.160e-27
1.60887e-07	9.299e-27
1.61694e-07	9.439e-27
1.62504e-07	9.582e-27
1.63319e-07	9.727e-27
1.64137e-07	9.874e-27
1.64960e-07	1.002e-26
1.65787e-07	1.017e-26
1.66617e-07	1.033e-26
1.67452e-07	1.048e-26
1.68292e-07	1.064e-26
1.69135e-07	1.080e-26
1.69983e-07	1.097e-26
1.70835e-07	1.113e-26
1.71691e-07	1.130e-26
1.72551e-07	1.147e-26
1.73416e-07	1.164e-26
1.74285e-07	1.182e-26
1.75159e-07	1.200e-26
1.76037e-07	1.218e-26
1.76919e-07	1.236e-26
1.77806e-07	1.255e-26
1.78697e-07	1.274e-26
1.79592e-07	1.293e-26
1.80493e-07	1.313e-26
1.81397e-07	1.333e-26
1.82306e-07	1.353e-26
1.83220e-07	1.373e-26
1.84138e-07	1.394e-26
1.85061e-07	1.415e-26
1.85989e-07	1.437e-26
1.86921e-07	1.458e-26
1.87858e-07	1.480e-26
1.88799e-07	1.503e-26
1.89745e-07	1.525e-26
1.90696e-07	1.548e-26
1.91652e-07	1.572e-26
1.92613e-07	1.596e-26
1.93578e-07	1.620e-26
1.94548e-07	1.644e-26
1.95523e-07	1.669e-26
1.96503e-07	1.694e-26
1.97488e-07	1.720e-26
1.98478e-07	1.746e-26
1.99472e-07	1.772e-26
2.00472e-07	1.799e-26
2.01477e-07	1.826e-26
2.02487e-07	1.854e-26
2.03501e-07	1.882e-26
2.04521e-07	1.910e-26
2.05546e-07	1.939e-26
2.06577e-07	1.968e-26
2.07612e-07	1.998e-26
2.08652e-07	2.028e-26
2.09698e-07	2.059e-26
2.10749e-07	2.090e-26
2.11805e-07	2.122e-26
2.12867e-07	2.154e-26
2.13934e-07	2.186e-26
2.15006e-07	2.219e-26
2.16083e-07	2.253e-26
2.17166e-07	2.287e-26
2.18255e-07	2.321e-26
2.19349e-07	2.357e-26
2.20448e-07	2.392e-26
2.21553e-07	2.428e-26
2.22663e-07	2.465e-26
2.23779e-07	2.502e-26
2.24901e-07	2.540e-26
2.26028e-07	2.578e-26
2.27161e-07	2.617e-26
2.28299e-07	2.657e-26
2.29443e-07	2.697e-26
2.30593e-07	2.738e-26
2.31749e-07	2.779e-26
2.32911e-07	2.821e-26
2.34078e-07	2.864e-26
2.35251e-07	2.907e-26
2.36430e-07	2.951e-26
2.37615e-07	2.996e-26
2.38806e-07	3.041e-26
2.40003e-07	3.087e-26
2.41206e-07	3.133e-26
2.42415e-07	3.181e-26
2.43629e-07	3.229e-26
2.44850e-07	3.278e-26
2.46078e-07	3.327e-26
2.47311e-07	3.377e-26
2.48550e-07	3.429e-26
2.49796e-07	3.480e-26
2.51048e-07	3.533e-26
2.52306e-07	3.586e-26
2.53571e-07	3.640e-26
2.54842e-07	3.696e-26
2.56119e-07	3.751e-26
2.57402e-07	3.808e-26
2.58693e-07	3.866e-26
2.59989e-07	3.924e-26
2.61292e-07	3.983e-26
2.62602e-07	4.043e-26
2.63918e-07	4.105e-26
2.65240e-07	4.167e-26
2.66570e-07	4.230e-26
2.67906e-07	4.293e-26
2.69249e-07	4.358e-26
2.70598e-07	4.424e-26
2.71954e-07	4.491e-26
2.73317e-07	4.559e-26
2.74687e-07	4.628e-26
2.76064e-07	4.698e-26
2.77447e-07	4.769e-26
2.78838e-07	4.841e-26
2.80235e-07	4.914e-26
2.81640e-07	4.988e-26
2.83051e-07	5.064e-26
2.84470e-07	5.140e-26
2.85896e-07	5.218e-26
2.87328e-07	5.297e-26
2.88768e-07	5.377e-26
2.90216e-07	5.458e-26
2.91670e-07	5.540e-26
2.93132e-07	5.624e-26
2.94601e-07	5.709e-26
2.96078e-07	5.795e-26
2.97562e-07	5.883e-26
2.99053e-07	5.972e-26
3.00552e-07	6.062e-26
3.02058e-07	6.154e-26
3.03572e-07	6.247e-26
3.05093e-07	6.341e-26
3.06622e-07	6.437e-26
3.08159e-07	6.534e-26
3.09704e-07	6.633e-26
3.11256e-07	6.733e-26
3.12816e-07	6.835e-26
3.14384e-07	6.938e-26
3.15959e-07	7.043e-26
3.17543e-07	7.149e-26
3.19134e-07	7.257e-26
3.20734e-07	7.367e-26
3.22341e-07	7.478e-26
3.23957e-07	7.591e-26
3.25580e-07	7.706e-26
3.27212e-07	7.823e-26
3.28852e-07	7.941e-26
3.30500e-07	8.061e-26
3.32156e-07	8.183e-26
3.33821e-07	8.306e-26
3.35494e-07	8.432e-26
3.37176e-07	8.559e-26
3.38866e-07	8.689e-26
3.40564e-07	8.820e-26
3.42271e-07	8.953e-26
3.43986e-07	9.088e-26
3.45710e-07	9.226e-26
3.47443e-07	9.365e-26
3.49184e-07	9.507e-26
3.50934e-07	9.650e-26
3.52693e-07	9.796e-26
3.54461e-07	9.944e-26
3.56237e-07	1.009e-25
3.58023e-07	1.025e-25
3.59817e-07	1.040e-25
3.61620e-07	1.056e-25
3.63433e-07	1.072e-25
3.65254e-07	1.088e-25
3.67085e-07	1.104e-25
3.68924e-07	1.121e-25
3.70773e-07	1.138e-25
3.72632e-07	1.155e-25
3.74499e-07	1.173e-25
3.76376e-07	1.190e-25
3.78262e-07	1.208e-25
3.80158e-07	1.227e-25
3.82064e-07	1.245e-25
3.83978e-07	1.264e-25
3.85903e-07	1.283e-25
3.87837e-07	1.303e-25
3.89781e-07	1.322e-25
3.91734e-07	1.342e-25
3.93698e-07	1.363e-25
3.95671e-07	1.383e-25
3.97654e-07	1.404e-25
3.99647e-07	1.425e-25
4.01650e-07	1.447e-25
4.03663e-07	1.469e-25
4.05686e-07	1.491e-25
4.07719e-07	1.513e-25
4.09762e-07	1.536e-25
4.11816e-07	1.559e-25
4.13880e-07	1.583e-25
4.15954e-07	1.607e-25
4.18039e-07	1.631e-25
4.20134e-07	1.656e-25
4.22240e-07	1.681e-25
4.24356e-07	1.706e-25
4.26483e-07	1.732e-25
4.28620e-07	1.758e-25
4.30768e-07	1.785e-25
4.32927e-07	1.812e-25
4.35097e-07	1.839e-25
4.37278e-07	1.867e-25
4.39469e-07	1.895e-25
4.41672e-07	1.924e-25
4.43885e-07	1.953e-25
4.46110e-07	1.982e-25
4.48346e-07	2.012e-25
4.50593e-07	2.043e-25
4.52851e-07	2.074e-25
4.55121e-07	2.105e-25
4.57402e-07	2.137e-25
4.59694e-07	2.169e-25
4.61998e-07	2.202e-25
4.64314e-07	2.235e-25
4.66641e-07	2.269e-25
4.68979e-07	2.303e-25
4.71330e-07	2.338e-25
4.73692e-07	2.373e-25
4.76066e-07	2.409e-25
4.78452e-07	2.446e-25
4.80850e-07	2.483e-25
4.83260e-07	2.520e-25
4.85682e-07	2.558e-25
4.88116e-07	2.597e-25
4.90563e-07	2.636e-25
4.93021e-07	2.676e-25
4.95492e-07	2.716e-25
4.97975e-07	2.757e-25
5.00471e-07	2.799e-25
5.02980e-07	2.841e-25
5.05500e-07	2.884e-25
5.08034e-07	2.928e-25
5.10580e-07	2.972e-25
5.13139e-07	3.017e-25
5.15711e-07	3.063e-25
5.18295e-07	3.109e-25
5.20893e-07	3.156e-25
5.23504e-07	3.203e-25
5.26127e-07	3.252e-25
5.28764e-07	3.301e-25
5.31414e-07	3.351e-25
5.34078e-07	3.402e-25
5.36754e-07	3.453e-25
5.39444e-07	3.505e-25
5.42148e-07	3.558e-25
5.44865e-07	3.612e-25
5.47596e-07	3.666e-25
5.50340e-07	3.722e-25
5.53099e-07	3.778e-25
5.55871e-07	3.835e-25
5.58657e-07	3.893e-25
5.61457e-07	3.952e-25
5.64271e-07	4.012e-25
5.67099e-07	4.072e-25
5.69941e-07	4.134e-25
5.72797e-07	4.196e-25
5.75668e-07	4.260e-25
5.78553e-07	4.324e-25
5.81453e-07	4.389e-25
5.84367e-07	4.456e-25
5.87296e-07	4.523e-25
5.90239e-07	4.591e-25
5.93197e-07	4.661e-25
5.96170e-07	4.731e-25
5.99158e-07	4.803e-25
6.02161e-07	4.875e-25
6.05179e-07	4.949e-25
6.08212e-07	5.024e-25
6.11260e-07	5.100e-25
6.14324e-07	5.177e-25
6.17403e-07	5.255e-25
6.20497e-07	5.334e-25
6.23607e-07	5.415e-25
6.26732e-07	5.497e-25
6.29873e-07	5.580e-25
6.33030e-07	5.664e-25
6.36203e-07	5.750e-25
6.39391e-07	5.837e-25
6.42596e-07	5.925e-25
6.45816e-07	6.014e-25
6.49053e-07	6.105e-25
6.52306e-07	6.198e-25
6.55575e-07	6.291e-25
6.58861e-07	6.386e-25
6.62163e-07	6.483e-25
6.65482e-07	6.581e-25
6.68817e-07	6.680e-25
6.72169e-07	6.781e-25
6.75538e-07	6.884e-25
6.78924e-07	6.988e-25
6.82326e-07	7.093e-25
6.85746e-07	7.200e-25
6.89183e-07	7.309e-25
6.92637e-07	7.420e-25
6.96108e-07	7.532e-25
6.99597e-07	7.646e-25
7.03103e-07	7.761e-25
7.06627e-07	7.878e-25
7.10169e-07	7.997e-25
7.13728e-07	8.118e-25
7.17305e-07	8.241e-25
7.20900e-07	8.365e-25
7.24513e-07	8.492e-25
7.28144e-07	8.620e-25
7.31793e-07	8.750e-25
7.35461e-07	8.883e-25
7.39147e-07	9.017e-25
7.42852e-07	9.153e-25
7.46575e-07	9.291e-25
7.50316e-07	9.432e-25
7.54077e-07	9.574e-25
7.57856e-07	9.719e-25
7.61654e-07	9.866e-25
7.65472e-07	1.001e-24
7.69308e-07	1.017e-24
7.73164e-07	1.032e-24
7.77039e-07	1.048e-24
7.80933e-07	1.063e-24
7.84847e-07	1.079e-24
7.88780e-07	1.096e-24
7.92734e-07	1.112e-24
7.96707e-07	1.129e-24
8.00700e-07	1.146e-24
8.04713e-07	1.164e-24
8.08746e-07	1.181e-24
8.12799e-07	1.199e-24
8.16873e-07	1.217e-24
8.20967e-07	1.235e-24
8.25081e-07	1.254e-24
8.29216e-07	1.273e-24
8.33372e-07	1.292e-24
8.37549e-07	1.312e-24
8.41747e-07	1.332e-24
8.45965e-07	1.352e-24
8.50205e-07	1.372e-24
8.54466e-07	1.393e-24
8.58749e-07	1.414e-24
8.63053e-07	1.435e-24
8.67378e-07	1.457e-24
8.71725e-07	1.479e-24
8.76094e-07	1.501e-24
8.80485e-07	1.524e-24
8.84898e-07	1.547e-24
8.89333e-07	1.571e-24
8.93790e-07	1.594e-24
8.98270e-07	1.618e-24
9.02772e-07	1.643e-24
9.07296e-07	1.668e-24
9.11843e-07	1.693e-24
9.16413e-07	1.718e-24
9.21006e-07	1.744e-24
9.25622e-07	1.771e-24
9.30261e-07	1.798e-24
9.34924e-07	1.825e-24
9.39609e-07	1.852e-24
9.44318e-07	1.880e-24
9.49051e-07	1.909e-24
9.53808e-07	1.938e-24
9.58588e-07	1.967e-24
9.63392e-07	1.997e-24
9.68221e-07	2.027e-24
9.73073e-07	2.057e-24
9.77950e-07	2.088e-24
9.82851e-07	2.120e-24
9.87777e-07	2.152e-24
9.92728e-07	2.185e-24
9.97703e-07	2.218e-24
1.00270e-06	2.251e-24
1.00773e-06	2.285e-24
1.01278e-06	2.320e-24
1.01786e-06	2.355e-24
1.02296e-06	2.390e-24
1.02808e-06	2.426e-24
1.03324e-06	2.463e-24
1.03841e-06	2.500e-24
1.04362e-06	2.538e-24
1.04885e-06	2.576e-24
1.05411e-06	2.615e-24
1.05939e-06	2.655e-24
1.06470e-06	2.695e-24
1.07003e-06	2.736e-24
1.07540e-06	2.777e-24
1.08079e-06	2.819e-24
1.08620e-06	2.862e-24
1.09165e-06	2.905e-24
1.09712e-06	2.949e-24
1.10262e-06	2.993e-24
1.10814e-06	3.038e-24
1.11370e-06	3.084e-24
1.11928e-06	3.131e-24
1.12489e-06	3.178e-24
1.13053e-06	3.226e-24
1.13619e-06	3.275e-24
1.14189e-06	3.325e-24
1.14761e-06	3.375e-24
1.15336e-06	3.426e-24
1.15914e-06	3.478e-24
1.16495e-06	3.530e-24
1.17079e-06	3.583e-24
1.17666e-06	3.638e-24
1.18256e-06	3.693e-24
1.18848e-06	3.748e-24
1.19444e-06	3.805e-24
1.20042e-06	3.862e-24
1.20644e-06	3.921e-24
1.21249e-06	3.980e-24
1.21856e-06	4.040e-24
1.22467e-06	4.101e-24
1.23081e-06	4.163e-24
1.23698e-06	4.226e-24
1.24318e-06	4.290e-24
1.24941e-06	4.355e-24
1.25567e-06	4.421e-24
1.26196e-06	4.487e-24
1.26829e-06	4.555e-24
1.27464e-06	4.624e-24
1.28103e-06	4.694e-24
1.28745e-06	4.765e-24
1.29391e-06	4.837e-24
1.30039e-06	4.910e-24
1.30691e-06	4.984e-24
1.31346e-06	5.060e-24
1.32004e-06	5.136e-24
1.32666e-06	5.214e-24
1.33331e-06	5.292e-24
1.33999e-06	5.372e-24
1.34670e-06	5.454e-24
1.35345e-06	5.536e-24
1.36024e-06	5.620e-24
1.36705e-06	5.705e-24
1.37390e-06	5.791e-24
1.38079e-06	5.878e-24
1.38771e-06	5.967e-24
1.39467e-06	6.057e-24
1.40166e-06	6.149e-24
1.40868e-06	6.242e-24
1.41574e-06	6.336e-24
1.42284e-06	6.432e-24
1.42997e-06	6.529e-24
1.43713e-06	6.628e-24
1.44434e-06	6.728e-24
1.45158e-06	6.829e-24
1.45885e-06	6.933e-24
1.46616e-06	7.037e-24
1.47351e-06	7.144e-24
1.48089e-06	7.252e-24
1.48832e-06	7.361e-24
1.49578e-06	7.472e-24
1.50327e-06	7.585e-24
1.51081e-06	7.700e-24
1.51838e-06	7.816e-24
1.52599e-06	7.934e-24
1.53364e-06	8.054e-24
1.54132e-06	8.176e-24
1.54905e-06	8.300e-24
1.55681e-06	8.425e-24
1.56461e-06	8.552e-24
1.57246e-06	8.682e-24
1.58034e-06	8.813e-24
1.58826e-06	8.946e-24
1.59622e-06	9.081e-24
1.60422e-06	9.218e-24
1.61226e-06	9.358e-24
1.62034e-06	9.499e-24
1.62846e-06	9.643e-24
1.63662e-06	9.788e-24
1.64482e-06	9.936e-24
1.65307e-06	1.009e-23
1.66135e-06	1.024e-23
1.66968e-06	1.039e-23
1.67805e-06	1.055e-23
1.68646e-06	1.071e-23
1.69491e-06	1.087e-23
1.70340e-06	1.104e-23
1.71194e-06	1.120e-23
1.72052e-06	1.137e-23
1.72914e-06	1.154e-23
1.73781e-06	1.172e-23
1.74652e-06	1.190e-23
1.75527e-06	1.208e-23
1.76407e-06	1.226e-23
1.77291e-06	1.244e-23
1.78180e-06	1.263e-23
1.79073e-06	1.282e-23
1.79970e-06	1.302e-23
1.80872e-06	1.321e-23
1.81778e-06	1.341e-23
1.82690e-06	1.361e-23
1.83605e-06	1.382e-23
1.84525e-06	1.403e-23
1.85450e-06	1.424e-23
1.86380e-06	1.446e-23
1.87314e-06	1.467e-23
1.88252e-06	1.490e-23
1.89196e-06	1.512e-23
1.90144e-06	1.535e-23
1.91097e-06	1.558e-23
1.92055e-06	1.582e-23
1.93017e-06	1.606e-23
1.93985e-06	1.630e-23
1.94957e-06	1.655e-23
1.95934e-06	1.680e-23
1.96916e-06	1.705e-23
1.97903e-06	1.731e-23
1.98895e-06	1.757e-23
1.99892e-06	1.783e-23
2.00894e-06	1.810e-23
2.01900e-06	1.838e-23
2.02912e-06	1.865e-23
2.03929e-06	1.894e-23
2.04951e-06	1.922e-23
2.05978e-06	1.951e-23
2.07011e-06	1.981e-23
2.08048e-06	2.011e-23
2.09091e-06	2.041e-23
2.10139e-06	2.072e-23
2.11192e-06	2.103e-23
2.12251e-06	2.135e-23
2.13314e-06	2.167e-23
2.14383e-06	2.200e-23
2.15458e-06	2.233e-23
2.16538e-06	2.267e-23
2.17623e-06	2.301e-23
2.18714e-06	2.336e-23
2.19810e-06	2.371e-23
2.20912e-06	2.407e-23
2.22019e-06	2.444e-23
2.23131e-06	2.481e-23
2.24250e-06	2.518e-23
2.25374e-06	2.556e-23
2.26503e-06	2.595e-23
2.27638e-06	2.634e-23
2.28779e-06	2.674e-23
2.29926e-06	2.714e-23
2.31078e-06	2.755e-23
2.32236e-06	2.797e-23
2.33400e-06	2.839e-23
2.34570e-06	2.882e-23
2.35746e-06	2.925e-23
2.36927e-06	2.970e-23
2.38115e-06	3.015e-23
2.39308e-06	3.060e-23
2.40507e-06	3.106e-23
2.41713e-06	3.153e-23
2.42924e-06	3.201e-23
2.44142e-06	3.249e-23
2.45365e-06	3.298e-23
2.46595e-06	3.348e-23
2.47831e-06	3.399e-23
2.49073e-06	3.450e-23
2.50321e-06	3.502e-23
2.51576e-06	3.555e-23
2.52837e-06	3.609e-23
2.54104e-06	3.664e-23
2.55377e-06	3.719e-23
2.56657e-06	3.775e-23
2.57944e-06	3.832e-23
2.59236e-06	3.890e-23
2.60536e-06	3.949e-23
2.61841e-06	4.008e-23
2.63154e-06	4.069e-23
2.64473e-06	4.131e-23
2.65798e-06	4.193e-23
2.67130e-06	4.256e-23
2.68469e-06	4.321e-23
2.69815e-06	4.386e-23
2.71167e-06	4.452e-23
2.72526e-06	4.519e-23
2.73892e-06	4.588e-23
2.75264e-06	4.657e-23
2.76644e-06	4.727e-23
2.78030e-06	4.799e-23
2.79424e-06	4.871e-23
2.80824e-06	4.945e-23
2.82232e-06	5.020e-23
2.83646e-06	5.096e-23
2.85068e-06	5.173e-23
2.86497e-06	5.251e-23
2.87932e-06	5.330e-23
2.89376e-06	5.411e-23
2.90826e-06	5.492e-23
2.92283e-06	5.575e-23
2.93748e-06	5.660e-23
2.95221e-06	5.745e-23
2.96700e-06	5.832e-23
2.98187e-06	5.920e-23
2.99682e-06	6.010e-23
3.01184e-06	6.100e-23
3.02693e-06	6.193e-23
3.04210e-06	6.286e-23
3.05735e-06	6.381e-23
3.07267e-06	6.478e-23
3.08807e-06	6.575e-23
3.10355e-06	6.675e-23
3.11910e-06	6.776e-23
3.13473e-06	6.878e-23
3.15044e-06	6.982e-23
3.16623e-06	7.087e-23
3.18210e-06	7.195e-23
3.19805e-06	7.303e-23
3.21408e-06	7.414e-23
3.23019e-06	7.526e-23
3.24638e-06	7.639e-23
3.26265e-06	7.755e-23
3.27900e-06	7.872e-23
3.29543e-06	7.991e-23
3.31195e-06	8.112e-23
3.32855e-06	8.234e-23
3.34523e-06	8.359e-23
3.36200e-06	8.485e-23
3.37885e-06	8.613e-23
3.39578e-06	8.743e-23
3.41280e-06	8.876e-23
3.42990e-06	9.010e-23
3.44709e-06	9.146e-23
3.46437e-06	9.284e-23
3.48173e-06	9.424e-23
3.49918e-06	9.567e-23
3.51672e-06	9.711e-23
3.53434e-06	9.858e-23
3.55206e-06	1.001e-22
3.56986e-06	1.016e-22
3.58775e-06	1.031e-22
3.60573e-06	1.047e-22
3.62380e-06	1.063e-22
3.64197e-06	1.079e-22
3.66022e-06	1.095e-22
3.67856e-06	1.111e-22
3.69700e-06	1.128e-22
3.71553e-06	1.145e-22
3.73415e-06	1.163e-22
3.75287e-06	1.180e-22
3.77167e-06	1.198e-22
3.79058e-06	1.216e-22
3.80957e-06	1.235e-22
3.82867e-06	1.253e-22
3.84786e-06	1.272e-22
3.86714e-06	1.291e-22
3.88652e-06	1.311e-22
3.90600e-06	1.331e-22
3.92558e-06	1.351e-22
3.94525e-06	1.371e-22
3.96502e-06	1.392e-22
3.98490e-06	1.413e-22
4.00487e-06	1.434e-22
4.02494e-06	1.456e-22
4.04511e-06	1.478e-22
4.06539e-06	1.500e-22
4.08576e-06	1.523e-22
4.10624e-06	1.546e-22
4.12682e-06	1.569e-22
4.14750e-06	1.593e-22
4.16829e-06	1.617e-22
4.18918e-06	1.642e-22
4.21017e-06	1.666e-22
4.23127e-06	1.692e-22
4.25248e-06	1.717e-22
4.27379e-06	1.743e-22
4.29521e-06	1.769e-22
4.31674e-06	1.796e-22
4.33837e-06	1.823e-22
4.36012e-06	1.851e-22
4.38197e-06	1.879e-22
4.40393e-06	1.907e-22
4.42600e-06	1.936e-22
4.44819e-06	1.965e-22
4.47048e-06	1.995e-22
4.49289e-06	2.025e-22
4.51540e-06	2.056e-22
4.53803e-06	2.087e-22
4.56078e-06	2.118e-22
4.58363e-06	2.150e-22
4.60661e-06	2.183e-22
4.62969e-06	2.216e-22
4.65290e-06	2.249e-22
4.67622e-06	2.283e-22
4.69965e-06	2.318e-22
4.72321e-06	2.353e-22
4.74688e-06	2.388e-22
4.77067e-06	2.424e-22
4.79458e-06	2.461e-22
4.81861e-06	2.498e-22
4.84276e-06	2.536e-22
4.86703e-06	2.574e-22
4.89142e-06	2.613e-22
4.91594e-06	2.653e-22
4.94058e-06	2.693e-22
4.96534e-06	2.733e-22
4.99022e-06	2.775e-22
5.01523e-06	2.817e-22
5.04037e-06	2.859e-22
5.06563e-06	2.902e-22
5.09102e-06	2.946e-22
5.11653e-06	2.991e-22
5.14218e-06	3.036e-22
5.16795e-06	3.082e-22
5.19385e-06	3.128e-22
5.21988e-06	3.176e-22
5.24604e-06	3.224e-22
5.27233e-06	3.272e-22
5.29876e-06	3.322e-22
5.32531e-06	3.372e-22
5.35200e-06	3.423e-22
5.37883e-06	3.475e-22
5.40579e-06	3.527e-22
5.43288e-06	3.581e-22
5.46011e-06	3.635e-22
5.48747e-06	3.690e-22
5.51497e-06	3.745e-22
5.54261e-06	3.802e-22
5.57039e-06	3.859e-22
5.59831e-06	3.918e-22
5.62637e-06	3.977e-22
5.65457e-06	4.037e-22
5.68291e-06	4.098e-22
5.71139e-06	4.160e-22
5.74001e-06	4.223e-22
5.76878e-06	4.287e-22
5.79769e-06	4.351e-22
5.82675e-06	4.417e-22
5.85595e-06	4.484e-22
5.88530e-06	4.552e-22
5.91480e-06	4.620e-22
5.94444e-06	4.690e-22
5.97424e-06	4.761e-22
6.00418e-06	4.833e-22
6.03427e-06	4.906e-22
6.06451e-06	4.980e-22
6.09491e-06	5.055e-22
6.12545e-06	5.132e-22
6.15615e-06	5.209e-22
6.18701e-06	5.288e-22
6.21801e-06	5.368e-22
6.24918e-06	5.449e-22
6.28050e-06	5.532e-22
6.31197e-06	5.615e-22
6.34361e-06	5.700e-22
6.37540e-06	5.786e-22
6.40735e-06	5.874e-22
6.43947e-06	5.962e-22
6.47174e-06	6.052e-22
6.50418e-06	6.144e-22
6.53677e-06	6.237e-22
6.56954e-06	6.331e-22
6.60246e-06	6.427e-22
6.63555e-06	6.524e-22
6.66881e-06	6.622e-22
6.70223e-06	6.722e-22
6.73582e-06	6.824e-22
6.76958e-06	6.927e-22
6.80351e-06	7.032e-22
6.83761e-06	7.138e-22
6.87188e-06	7.246e-22
6.90632e-06	7.355e-22
6.94093e-06	7.466e-22
6.97572e-06	7.579e-22
7.01068e-06	7.694e-22
7.04581e-06	7.810e-22
7.08113e-06	7.928e-22
7.11662e-06	8.048e-22
7.15228e-06	8.170e-22
7.18813e-06	8.293e-22
7.22415e-06	8.418e-22
7.26036e-06	8.545e-22
7.29675e-06	8.675e-22
7.33332e-06	8.806e-22
7.37007e-06	8.939e-22
7.40701e-06	9.074e-22
7.44413e-06	9.211e-22
7.48144e-06	9.350e-22
7.51894e-06	9.491e-22
7.55662e-06	9.635e-22
7.59449e-06	9.780e-22
7.63256e-06	9.928e-22
7.67081e-06	1.008e-21
7.70925e-06	1.023e-21
7.74789e-06	1.039e-21
7.78672e-06	1.054e-21
7.82575e-06	1.070e-21
7.86497e-06	1.086e-21
7.90439e-06	1.103e-21
7.94400e-06	1.119e-21
7.98382e-06	1.136e-21
8.02383e-06	1.153e-21
8.06404e-06	1.171e-21
8.10446e-06	1.189e-21
8.14508e-06	1.207e-21
8.18590e-06	1.225e-21
8.22693e-06	1.243e-21
8.26816e-06	1.262e-21
8.30960e-06	1.281e-21
8.35124e-06	1.301e-21
8.39310e-06	1.320e-21
8.43516e-06	1.340e-21
8.47744e-06	1.360e-21
8.51993e-06	1.381e-21
8.56263e-06	1.402e-21
8.60554e-06	1.423e-21
8.64867e-06	1.444e-21
8.69202e-06	1.466e-21
8.73558e-06	1.488e-21
8.77936e-06	1.511e-21
8.82336e-06	1.534e-21
8.86758e-06	1.557e-21
8.91202e-06	1.580e-21
8.95669e-06	1.604e-21
9.00158e-06	1.629e-21
9.04669e-06	1.653e-21
9.09203e-06	1.678e-21
9.13760e-06	1.704e-21
9.18340e-06	1.729e-21
9.22942e-06	1.755e-21
9.27568e-06	1.782e-21
9.32217e-06	1.809e-21
9.36889e-06	1.836e-21
9.41584e-06	1.864e-21
9.46304e-06	1.892e-21
9.51046e-06	1.921e-21
9.55813e-06	1.950e-21
9.60603e-06	1.979e-21
9.65418e-06	2.009e-21
9.70256e-06	2.039e-21
9.75119e-06	2.070e-21
9.80006e-06	2.102e-21
9.84918e-06	2.133e-21
9.89854e-06	2.166e-21
9.94815e-06	2.198e-21
9.99801e-06	2.232e-21
1.00481e-05	2.265e-21
1.00985e-05	2.299e-21
1.01491e-05	2.334e-21
1.02000e-05	2.370e-21
1.02511e-05	2.405e-21
1.03024e-05	2.442e-21
1.03541e-05	2.479e-21
1.04060e-05	2.516e-21
1.04581e-05	2.554e-21
1.05105e-05	2.593e-21
1.05632e-05	2.632e-21
1.06162e-05	2.672e-21
1.06694e-05	2.712e-21
1.07228e-05	2.753e-21
1.07766e-05	2.795e-21
1.08306e-05	2.837e-21
1.08849e-05	2.880e-21
1.09394e-05	2.923e-21
1.09943e-05	2.968e-21
1.10494e-05	3.012e-21
1.11047e-05	3.058e-21
1.11604e-05	3.104e-21
1.12163e-05	3.151e-21
1.12725e-05	3.199e-21
1.13290e-05	3.247e-21
1.13858e-05	3.296e-21
1.14429e-05	3.346e-21
1.15002e-05	3.397e-21
1.15579e-05	3.448e-21
1.16158e-05	3.500e-21
1.16740e-05	3.553e-21
1.17325e-05	3.607e-21
1.17913e-05	3.661e-21
1.18504e-05	3.716e-21
1.19098e-05	3.773e-21
1.19695e-05	3.830e-21
1.20295e-05	3.888e-21
1.20898e-05	3.946e-21
1.21504e-05	4.006e-21
1.22113e-05	4.067e-21
1.22725e-05	4.128e-21
1.23340e-05	4.190e-21
1.23958e-05	4.254e-21
1.24579e-05	4.318e-21
1.25203e-05	4.383e-21
1.25831e-05	4.450e-21
1.26462e-05	4.517e-21
1.27095e-05	4.585e-21
1.27732e-05	4.654e-21
1.28373e-05	4.725e-21
1.29016e-05	4.796e-21
1.29663e-05	4.869e-21
1.30312e-05	4.942e-21
1.30965e-05	5.017e-21
1.31622e-05	5.093e-21
1.32282e-05	5.170e-21
1.32945e-05	5.248e-21
1.33611e-05	5.327e-21
1.34280e-05	5.408e-21
1.34953e-05	5.490e-21
1.35630e-05	5.573e-21
1.36310e-05	5.657e-21
1.36993e-05	5.742e-21
1.37679e-05	5.829e-21
1.38369e-05	5.917e-21
1.39063e-05	6.007e-21
1.39760e-05	6.098e-21
1.40460e-05	6.190e-21
1.41164e-05	6.283e-21
1.41872e-05	6.378e-21
1.42583e-05	6.475e-21
1.43297e-05	6.573e-21
1.44016e-05	6.672e-21
1.44737e-05	6.773e-21
1.45463e-05	6.875e-21
1.46192e-05	6.979e-21
1.46924e-05	7.085e-21
1.47661e-05	7.192e-21
1.48401e-05	7.300e-21
1.49145e-05	7.411e-21
1.49892e-05	7.523e-21
1.50643e-05	7.636e-21
1.51398e-05	7.752e-21
1.52157e-05	7.869e-21
1.52920e-05	7.988e-21
1.53686e-05	8.109e-21
1.54456e-05	8.231e-21
1.55230e-05	8.356e-21
1.56008e-05	8.482e-21
1.56790e-05	8.610e-21
1.57576e-05	8.740e-21
1.58366e-05	8.873e-21
1.59160e-05	9.007e-21
1.59957e-05	9.143e-21
1.60759e-05	9.281e-21
1.61565e-05	9.421e-21
1.62374e-05	9.564e-21
1.63188e-05	9.708e-21
1.64006e-05	9.855e-21
1.64828e-05	1.000e-20
1.65654e-05	1.016e-20
1.66484e-05	1.031e-20
1.67319e-05	1.046e-20
1.68157e-05	1.062e-20
1.69000e-05	1.078e-20
1.69847e-05	1.095e-20
1.70698e-05	1.111e-20
1.71554e-05	1.128e-20
1.72414e-05	1.145e-20
1.73278e-05	1.162e-20
1.74146e-05	1.180e-20
1.75019e-05	1.198e-20
1.75896e-05	1.216e-20
1.76778e-05	1.234e-20
1.77664e-05	1.253e-20
1.78554e-05	1.272e-20
1.79449e-05	1.291e-20
1.80348e-05	1.311e-20
1.81252e-05	1.330e-20
1.82161e-05	1.350e-20
1.83074e-05	1.371e-20
1.83991e-05	1.392e-20
1.84913e-05	1.413e-20
1.85840e-05	1.434e-20
1.86771e-05	1.456e-20
1.87707e-05	1.478e-20
1.88648e-05	1.500e-20
1.89594e-05	1.523e-20
1.90544e-05	1.546e-20
1.91499e-05	1.569e-20
1.92459e-05	1.593e-20
1.93423e-05	1.617e-20
1.94393e-05	1.641e-20
1.95367e-05	1.666e-20
1.96346e-05	1.691e-20
1.97330e-05	1.717e-20
1.98319e-05	1.743e-20
1.99313e-05	1.769e-20
2.00312e-05	1.796e-20
2.01316e-05	1.823e-20
2.02325e-05	1.851e-20
2.03339e-05	1.879e-20
2.04358e-05	1.907e-20
2.05382e-05	1.936e-20
2.06412e-05	1.965e-20
2.07446e-05	1.995e-20
2.08486e-05	2.025e-20
2.09531e-05	2.056e-20
2.10581e-05	2.087e-20
2.11636e-05	2.118e-20
2.12697e-05	2.150e-20
2.13763e-05	2.183e-20
2.14834e-05	2.216e-20
2.15911e-05	2.249e-20
2.16993e-05	2.283e-20
2.18081e-05	2.318e-20
2.19173e-05	2.353e-20
2.20272e-05	2.388e-20
2.21376e-05	2.424e-20
2.22485e-05	2.461e-20
2.23600e-05	2.498e-20
2.24721e-05	2.536e-20
2.25847e-05	2.574e-20
2.26979e-05	2.613e-20
2.28117e-05	2.653e-20
2.29260e-05	2.693e-20
2.30409e-05	2.734e-20
2.31564e-05	2.775e-20
2.32725e-05	2.817e-20
2.33891e-05	2.859e-20
2.35063e-05	2.903e-20
2.36241e-05	2.946e-20
2.37425e-05	2.991e-20
2.38615e-05	3.036e-20
2.39811e-05	3.082e-20
2.41013e-05	3.129e-20
2.42221e-05	3.176e-20
2.43435e-05	3.224e-20
2.44655e-05	3.273e-20
2.45881e-05	3.322e-20
2.47113e-05	3.372e-20
2.48352e-05	3.423e-20
2.49597e-05	3.475e-20
2.50847e-05	3.528e-20
2.52105e-05	3.581e-20
2.53368e-05	3.635e-20
2.54638e-05	3.690e-20
2.55914e-05	3.746e-20
2.57197e-05	3.803e-20
2.58486e-05	3.860e-20
2.59781e-05	3.918e-20
2.61083e-05	3.978e-20
2.62392e-05	4.038e-20
2.63707e-05	4.099e-20
2.65029e-05	4.161e-20
2.66357e-05	4.224e-20
2.67692e-05	4.287e-20
2.69033e-05	4.352e-20
2.70382e-05	4.418e-20
2.71737e-05	4.485e-20
2.73099e-05	4.553e-20
2.74468e-05	4.621e-20
2.75843e-05	4.691e-20
2.77226e-05	4.762e-20
2.78615e-05	4.834e-20
2.80011e-05	4.907e-20
2.81415e-05	4.981e-20
2.82825e-05	5.057e-20
2.84243e-05	5.133e-20
2.85667e-05	5.211e-20
2.87099e-05	5.290e-20
2.88538e-05	5.370e-20
2.89984e-05	5.451e-20
2.91437e-05	5.533e-20
2.92898e-05	5.617e-20
2.94366e-05	5.702e-20
2.95841e-05	5.788e-20
2.97324e-05	5.875e-20
2.98814e-05	5.964e-20
3.00312e-05	6.054e-20
3.01817e-05	6.146e-20
3.03329e-05	6.239e-20
3.04850e-05	6.333e-20
3.06377e-05	6.429e-20
3.07913e-05	6.526e-20
3.09456e-05	6.625e-20
3.11007e-05	6.725e-20
3.12566e-05	6.826e-20
3.14132e-05	6.930e-20
3.15707e-05	7.034e-20
3.17289e-05	7.141e-20
3.18879e-05	7.249e-20
3.20477e-05	7.358e-20
3.22084e-05	7.469e-20
3.23698e-05	7.582e-20
3.25320e-05	7.697e-20
3.26951e-05	7.813e-20
3.28589e-05	7.931e-20
3.30236e-05	8.051e-20
3.31891e-05	8.173e-20
3.33554e-05	8.296e-20
3.35226e-05	8.422e-20
3.36906e-05	8.549e-20
3.38595e-05	8.678e-20
3.40292e-05	8.810e-20
3.41997e-05	8.943e-20
3.43711e-05	9.078e-20
3.45434e-05	9.215e-20
3.47165e-05	9.354e-20
3.48905e-05	9.496e-20
3.50654e-05	9.639e-20
3.52411e-05	9.785e-20
3.54177e-05	9.933e-20
3.55953e-05	1.008e-19
3.57736e-05	1.024e-19
3.59529e-05	1.039e-19
3.61331e-05	1.055e-19
3.63142e-05	1.071e-19
3.64962e-05	1.087e-19
3.66791e-05	1.103e-19
3.68630e-05	1.120e-19
3.70477e-05	1.137e-19
3.72334e-05	1.154e-19
3.74200e-05	1.172e-19
3.76075e-05	1.189e-19
3.77960e-05	1.207e-19
3.79855e-05	1.225e-19
3.81758e-05	1.244e-19
3.83672e-05	1.263e-19
3.85595e-05	1.282e-19
3.87527e-05	1.301e-19
3.89469e-05	1.321e-19
3.91421e-05	1.341e-19
3.93383e-05	1.361e-19
3.95355e-05	1.382e-19
3.97336e-05	1.403e-19
3.99327e-05	1.424e-19
4.01329e-05	1.445e-19
4.03340e-05	1.467e-19
4.05362e-05	1.489e-19
4.07393e-05	1.512e-19
4.09435e-05	1.535e-19
4.11487e-05	1.558e-19
4.13549e-05	1.582e-19
4.15622e-05	1.605e-19
4.17705e-05	1.630e-19
4.19798e-05	1.654e-19
4.21902e-05	1.679e-19
4.24017e-05	1.705e-19
4.26142e-05	1.730e-19
4.28278e-05	1.757e-19
4.30424e-05	1.783e-19
4.32581e-05	1.810e-19
4.34750e-05	1.838e-19
4.36928e-05	1.865e-19
4.39118e-05	1.893e-19
4.41319e-05	1.922e-19
4.43531e-05	1.951e-19
4.45754e-05	1.981e-19
4.47988e-05	2.011e-19
4.50233e-05	2.041e-19
4.52490e-05	2.072e-19
4.54757e-05	2.103e-19
4.57036e-05	2.135e-19
4.59327e-05	2.167e-19
4.61629e-05	2.200e-19
4.63943e-05	2.233e-19
4.66268e-05	2.267e-19
4.68605e-05	2.301e-19
4.70953e-05	2.336e-19
4.73314e-05	2.371e-19
4.75686e-05	2.407e-19
4.78070e-05	2.444e-19
4.80466e-05	2.481e-19
4.82874e-05	2.518e-19
4.85294e-05	2.556e-19
4.87726e-05	2.595e-19
4.90171e-05	2.634e-19
4.92627e-05	2.674e-19
4.95096e-05	2.714e-19
4.97578e-05	2.755e-19
5.00071e-05	2.797e-19
5.02578e-05	2.839e-19
5.05097e-05	2.882e-19
5.07628e-05	2.926e-19
5.10172e-05	2.970e-19
5.12729e-05	3.015e-19
5.15299e-05	3.060e-19
5.17881e-05	3.107e-19
5.20477e-05	3.154e-19
5.23085e-05	3.201e-19
5.25707e-05	3.250e-19
5.28342e-05	3.299e-19
5.30990e-05	3.349e-19
5.33651e-05	3.399e-19
5.36326e-05	3.451e-19
5.39014e-05	3.503e-19
5.41715e-05	3.556e-19
5.44430e-05	3.609e-19
5.47159e-05	3.664e-19
5.49901e-05	3.719e-19
5.52657e-05	3.776e-19
5.55427e-05	3.833e-19
5.58210e-05	3.891e-19
5.61008e-05	3.949e-19
5.63820e-05	4.009e-19
5.66645e-05	4.070e-19
5.69485e-05	4.131e-19
5.72340e-05	4.194e-19
5.75208e-05	4.257e-19
5.78091e-05	4.321e-19
5.80988e-05	4.387e-19
5.83900e-05	4.453e-19
5.86826e-05	4.520e-19
5.89767e-05	4.589e-19
5.92723e-05	4.658e-19
5.95694e-05	4.728e-19
5.98679e-05	4.800e-19
6.01680e-05	4.872e-19
6.04695e-05	4.946e-19
6.07726e-05	5.021e-19
6.10772e-05	5.097e-19
6.13833e-05	5.174e-19
6.16909e-05	5.252e-19
6.20001e-05	5.331e-19
6.23109e-05	5.412e-19
6.26232e-05	5.494e-19
6.29370e-05	5.577e-19
6.32524e-05	5.661e-19
6.35695e-05	5.747e-19
6.38881e-05	5.834e-19
6.42082e-05	5.922e-19
6.45300e-05	6.011e-19
6.48535e-05	6.102e-19
6.51785e-05	6.194e-19
6.55052e-05	6.288e-19
6.58335e-05	6.383e-19
6.61634e-05	6.480e-19
6.64950e-05	6.578e-19
6.68283e-05	6.677e-19
6.71632e-05	6.778e-19
6.74998e-05	6.880e-19
6.78381e-05	6.984e-19
6.81781e-05	7.090e-19
6.85198e-05	7.197e-19
6.88632e-05	7.306e-19
6.92083e-05	7.416e-19
6.95552e-05	7.528e-19
6.99038e-05	7.642e-19
7.02542e-05	7.758e-19
7.06062e-05	7.875e-19
7.09601e-05	7.994e-19
7.13158e-05	8.115e-19
7.16732e-05	8.238e-19
7.20324e-05	8.362e-19
7.23934e-05	8.489e-19
7.27562e-05	8.617e-19
7.31209e-05	8.747e-19
7.34873e-05	8.879e-19
7.38557e-05	9.014e-19
7.42258e-05	9.150e-19
7.45978e-05	9.288e-19
7.49717e-05	9.429e-19
7.53474e-05	9.571e-19
7.57251e-05	9.716e-19
7.61046e-05	9.863e-19
7.64860e-05	1.001e-18
7.68693e-05	1.016e-18
7.72546e-05	1.032e-18
7.76418e-05	1.047e-18
7.80309e-05	1.063e-18
7.84220e-05	1.079e-18
7.88150e-05	1.095e-18
7.92100e-05	1.112e-18
7.96070e-05	1.129e-18
8.00060e-05	1.146e-18
8.04070e-05	1.163e-18
8.08100e-05	1.181e-18
8.12150e-05	1.199e-18
8.16220e-05	1.217e-18
8.20311e-05	1.235e-18
8.24422e-05	1.254e-18
8.28554e-05	1.273e-18
8.32707e-05	1.292e-18
8.36880e-05	1.312e-18
8.41074e-05	1.331e-18
8.45290e-05	1.352e-18
8.49526e-05	1.372e-18
8.53784e-05	1.393e-18
8.58063e-05	1.414e-18
8.62363e-05	1.435e-18
8.66685e-05	1.457e-18
8.71029e-05	1.479e-18
8.75394e-05	1.501e-18
8.79782e-05	1.524e-18
8.84191e-05	1.547e-18
8.88622e-05	1.570e-18
8.93076e-05	1.594e-18
8.97552e-05	1.618e-18
9.02050e-05	1.643e-18
9.06571e-05	1.667e-18
9.11115e-05	1.693e-18
9.15681e-05	1.718e-18
9.20270e-05	1.744e-18
9.24883e-05	1.771e-18
9.29518e-05	1.797e-18
9.34177e-05	1.824e-18
9.38859e-05	1.852e-18
9.43564e-05	1.880e-18
9.48293e-05	1.908e-18
9.53046e-05	1.937e-18
9.57822e-05	1.967e-18
9.62623e-05	1.996e-18
9.67447e-05	2.027e-18
9.72296e-05	2.057e-18
9.77169e-05	2.088e-18
9.82066e-05	2.120e-18
9.86988e-05	2.152e-18
9.91935e-05	2.184e-18
9.96906e-05	2.217e-18
1.00190e-04	2.251e-18
1.00692e-04	2.285e-18
1.01197e-04	2.319e-18
1.01704e-04	2.355e-18
1.02214e-04	2.390e-18
1.02726e-04	2.426e-18
1.03241e-04	2.463e-18
1.03759e-04	2.500e-18
1.04279e-04	2.538e-18
1.04801e-04	2.576e-18
1.05326e-04	2.615e-18
1.05854e-04	2.655e-18
1.06385e-04	2.695e-18
1.06918e-04	2.736e-18
1.07454e-04	2.777e-18
1.07992e-04	2.819e-18
1.08534e-04	2.862e-18
1.09078e-04	2.905e-18
1.09624e-04	2.949e-18
1.10174e-04	2.993e-18
1.10726e-04	3.039e-18
1.11281e-04	3.085e-18
1.11838e-04	3.131e-18
1.12399e-04	3.178e-18
1.12962e-04	3.227e-18
1.13528e-04	3.275e-18
1.14097e-04	3.325e-18
1.14669e-04	3.375e-18
1.15244e-04	3.426e-18
1.15822e-04	3.478e-18
1.16402e-04	3.530e-18
1.16985e-04	3.584e-18
1.17572e-04	3.638e-18
1.18161e-04	3.693e-18
1.18753e-04	3.749e-18
1.19348e-04	3.805e-18
1.19947e-04	3.863e-18
1.20548e-04	3.921e-18
1.21152e-04	3.981e-18
1.21759e-04	4.041e-18
1.22369e-04	4.102e-18
1.22983e-04	4.164e-18
1.23599e-04	4.227e-18
1.24218e-04	4.291e-18
1.24841e-04	4.356e-18
1.25467e-04	4.421e-18
1.26095e-04	4.488e-18
1.26727e-04	4.556e-18
1.27363e-04	4.625e-18
1.28001e-04	4.695e-18
1.28642e-04	4.766e-18
1.29287e-04	4.838e-18
1.29935e-04	4.911e-18
1.30586e-04	4.985e-18
1.31241e-04	5.061e-18
1.31899e-04	5.137e-18
1.32560e-04	5.215e-18
1.33224e-04	5.294e-18
1.33892e-04	5.374e-18
1.34563e-04	5.455e-18
1.35237e-04	5.537e-18
1.35915e-04	5.621e-18
1.36596e-04	5.706e-18
1.37281e-04	5.792e-18
1.37969e-04	5.880e-18
1.38660e-04	5.969e-18
1.39355e-04	6.059e-18
1.40054e-04	6.151e-18
1.40756e-04	6.244e-18
1.41461e-04	6.338e-18
1.42170e-04	6.434e-18
1.42882e-04	6.531e-18
1.43599e-04	6.630e-18
1.44318e-04	6.730e-18
1.45042e-04	6.832e-18
1.45768e-04	6.935e-18
1.46499e-04	7.040e-18
1.47233e-04	7.146e-18
1.47971e-04	7.254e-18
1.48713e-04	7.364e-18
1.49458e-04	7.475e-18
1.50207e-04	7.588e-18
1.50960e-04	7.703e-18
1.51717e-04	7.819e-18
1.52477e-04	7.937e-18
1.53241e-04	8.057e-18
1.54009e-04	8.179e-18
1.54781e-04	8.303e-18
1.55557e-04	8.428e-18
1.56336e-04	8.556e-18
1.57120e-04	8.685e-18
1.57907e-04	8.816e-18
1.58699e-04	8.950e-18
1.59494e-04	9.085e-18
1.60294e-04	9.222e-18
1.61097e-04	9.362e-18
1.61904e-04	9.503e-18
1.62716e-04	9.647e-18
1.63531e-04	9.793e-18
1.64351e-04	9.941e-18
1.65175e-04	1.009e-17
1.66002e-04	1.024e-17
1.66834e-04	1.040e-17
1.67670e-04	1.056e-17
1.68511e-04	1.072e-17
1.69355e-04	1.088e-17
1.70204e-04	1.104e-17
1.71057e-04	1.121e-17
1.71914e-04	1.138e-17
1.72776e-04	1.155e-17
1.73642e-04	1.172e-17
1.74512e-04	1.190e-17
1.75387e-04	1.208e-17
1.76266e-04	1.226e-17
1.77149e-04	1.245e-17
1.78037e-04	1.264e-17
1.78929e-04	1.283e-17
1.79826e-04	1.302e-17
1.80727e-04	1.322e-17
1.81633e-04	1.342e-17
1.82544e-04	1.362e-17
1.83458e-04	1.383e-17
1.84378e-04	1.404e-17
1.85302e-04	1.425e-17
1.86231e-04	1.446e-17
1.87164e-04	1.468e-17
1.88102e-04	1.491e-17
1.89045e-04	1.513e-17
1.89992e-04	1.536e-17
1.90944e-04	1.559e-17
1.91901e-04	1.583e-17
1.92863e-04	1.607e-17
1.93830e-04	1.631e-17
1.94801e-04	1.656e-17
1.95778e-04	1.681e-17
1.96759e-04	1.706e-17
1.97745e-04	1.732e-17
1.98736e-04	1.758e-17
1.99732e-04	1.785e-17
2.00733e-04	1.812e-17
2.01739e-04	1.839e-17
2.02750e-04	1.867e-17
2.03766e-04	1.895e-17
2.04788e-04	1.924e-17
2.05814e-04	1.953e-17
2.06845e-04	1.982e-17
2.07882e-04	2.012e-17
2.08924e-04	2.043e-17
2.09971e-04	2.073e-17
2.11023e-04	2.105e-17
2.12081e-04	2.137e-17
2.13144e-04	2.169e-17
2.14212e-04	2.202e-17
2.15286e-04	2.235e-17
2.16365e-04	2.269e-17
2.17449e-04	2.303e-17
2.18539e-04	2.338e-17
2.19634e-04	2.373e-17
2.20735e-04	2.409e-17
2.21841e-04	2.445e-17
2.22953e-04	2.482e-17
2.24071e-04	2.520e-17
2.25194e-04	2.558e-17
2.26322e-04	2.597e-17
2.27456e-04	2.636e-17
2.28596e-04	2.676e-17
2.29742e-04	2.716e-17
2.30894e-04	2.757e-17
2.32051e-04	2.799e-17
2.33214e-04	2.841e-17
2.34383e-04	2.884e-17
2.35557e-04	2.928e-17
2.36738e-04	2.972e-17
2.37924e-04	3.017e-17
2.39117e-04	3.063e-17
2.40315e-04	3.109e-17
2.41520e-04	3.156e-17
2.42730e-04	3.204e-17
2.43947e-04	3.252e-17
2.45169e-04	3.301e-17
2.46398e-04	3.351e-17
2.47633e-04	3.402e-17
2.48874e-04	3.453e-17
2.50121e-04	3.505e-17
2.51375e-04	3.558e-17
2.52635e-04	3.612e-17
2.53901e-04	3.667e-17
2.55173e-04	3.722e-17
2.56452e-04	3.778e-17
2.57738e-04	3.836e-17
2.59029e-04	3.894e-17
2.60328e-04	3.952e-17
2.61632e-04	4.012e-17
2.62943e-04	4.073e-17
2.64261e-04	4.134e-17
2.65586e-04	4.197e-17
2.66917e-04	4.260e-17
2.68255e-04	4.325e-17
2.69599e-04	4.390e-17
2.70950e-04	4.456e-17
2.72308e-04	4.524e-17
2.73673e-04	4.592e-17
2.75044e-04	4.662e-17
2.76423e-04	4.732e-17
2.77808e-04	4.804e-17
2.79201e-04	4.876e-17
2.80600e-04	4.950e-17
2.82006e-04	5.025e-17
2.83420e-04	5.101e-17
2.84840e-04	5.178e-17
2.86268e-04	5.256e-17
2.87702e-04	5.336e-17
2.89144e-04	5.416e-17
2.90594e-04	5.498e-17
2.92050e-04	5.581e-17
2.93514e-04	5.666e-17
2.94985e-04	5.751e-17
2.96463e-04	5.838e-17
2.97949e-04	5.926e-17
2.99442e-04	6.016e-17
3.00943e-04	6.107e-17
3.02451e-04	6.199e-17
3.03967e-04	6.293e-17
3.05490e-04	6.388e-17
3.07022e-04	6.485e-17
3.08560e-04	6.583e-17
3.10107e-04	6.682e-17
3.11661e-04	6.783e-17
3.13223e-04	6.886e-17
3.14793e-04	6.990e-17
3.16370e-04	7.095e-17
3.17956e-04	7.203e-17
3.19550e-04	7.312e-17
3.21151e-04	7.422e-17
3.22761e-04	7.534e-17
3.24378e-04	7.648e-17
3.26004e-04	7.764e-17
3.27638e-04	7.881e-17
3.29280e-04	8.000e-17
3.30930e-04	8.121e-17
3.32589e-04	8.244e-17
3.34256e-04	8.369e-17
3.35931e-04	8.495e-17
3.37615e-04	8.624e-17
3.39307e-04	8.754e-17
3.41007e-04	8.886e-17
3.42716e-04	9.021e-17
3.44434e-04	9.157e-17
3.46160e-04	9.295e-17
3.47895e-04	9.436e-17
3.49639e-04	9.578e-17
3.51391e-04	9.723e-17
3.53152e-04	9.870e-17
3.54922e-04	1.002e-16
3.56701e-04	1.017e-16
3.58489e-04	1.032e-16
3.60285e-04	1.048e-16
3.62091e-04	1.064e-16
3.63906e-04	1.080e-16
3.65730e-04	1.096e-16
3.67562e-04	1.113e-16
3.69405e-04	1.130e-16
3.71256e-04	1.147e-16
3.73117e-04	1.164e-16
3.74987e-04	1.182e-16
3.76866e-04	1.200e-16
3.78755e-04	1.218e-16
3.80653e-04	1.236e-16
3.82561e-04	1.255e-16
3.84478e-04	1.274e-16
3.86405e-04	1.293e-16
3.88342e-04	1.313e-16
3.90288e-04	1.332e-16
3.92244e-04	1.353e-16
3.94210e-04	1.373e-16
3.96186e-04	1.394e-16
3.98171e-04	1.415e-16
4.00167e-04	1.436e-16
4.02172e-04	1.458e-16
4.04188e-04	1.480e-16
4.06214e-04	1.502e-16
4.08250e-04	1.525e-16
4.10296e-04	1.548e-16
4.12352e-04	1.572e-16
4.14419e-04	1.595e-16
4.16496e-04	1.619e-16
4.18583e-04	1.644e-16
4.20681e-04	1.669e-16
4.22789e-04	1.694e-16
4.24908e-04	1.720e-16
4.27038e-04	1.746e-16
4.29178e-04	1.772e-16
4.31329e-04	1.799e-16
4.33491e-04	1.826e-16
4.35663e-04	1.853e-16
4.37847e-04	1.881e-16
4.40041e-04	1.910e-16
4.42247e-04	1.939e-16
4.44463e-04	1.968e-16
4.46691e-04	1.998e-16
4.48930e-04	2.028e-16
4.51180e-04	2.059e-16
4.53441e-04	2.090e-16
4.55713e-04	2.121e-16
4.57997e-04	2.154e-16
4.60293e-04	2.186e-16
4.62600e-04	2.219e-16
4.64918e-04	2.253e-16
4.67248e-04	2.287e-16
4.69590e-04	2.321e-16
4.71943e-04	2.356e-16
4.74309e-04	2.392e-16
4.76686e-04	2.428e-16
4.79075e-04	2.465e-16
4.81476e-04	2.502e-16
4.83889e-04	2.540e-16
4.86314e-04	2.578e-16
4.88752e-04	2.617e-16
4.91201e-04	2.657e-16
4.93663e-04	2.697e-16
4.96137e-04	2.738e-16
4.98624e-04	2.779e-16
5.01123e-04	2.821e-16
5.03634e-04	2.864e-16
5.06158e-04	2.907e-16
5.08695e-04	2.951e-16
5.11245e-04	2.996e-16
5.13807e-04	3.041e-16
5.16382e-04	3.087e-16
5.18970e-04	3.134e-16
5.21571e-04	3.181e-16
5.24185e-04	3.229e-16
5.26812e-04	3.278e-16
5.29453e-04	3.327e-16
5.32106e-04	3.378e-16
5.34773e-04	3.429e-16
5.37453e-04	3.481e-16
5.40147e-04	3.533e-16
5.42854e-04	3.587e-16
5.45574e-04	3.641e-16
5.48309e-04	3.696e-16
5.51057e-04	3.752e-16
5.53819e-04	3.808e-16
5.56594e-04	3.866e-16
5.59384e-04	3.924e-16
5.62187e-04	3.984e-16
5.65005e-04	4.044e-16
5.67837e-04	4.105e-16
5.70683e-04	4.167e-16
5.73543e-04	4.230e-16
5.76417e-04	4.294e-16
5.79306e-04	4.359e-16
5.82210e-04	4.425e-16
5.85128e-04	4.492e-16
5.88060e-04	4.560e-16
5.91007e-04	4.629e-16
5.93969e-04	4.699e-16
5.96946e-04	4.770e-16
5.99938e-04	4.842e-16
6.02945e-04	4.915e-16
6.05967e-04	4.989e-16
6.09004e-04	5.065e-16
6.12056e-04	5.141e-16
6.15123e-04	5.219e-16
6.18206e-04	5.298e-16
6.21305e-04	5.378e-16
6.24419e-04	5.459e-16
6.27548e-04	5.542e-16
6.30693e-04	5.625e-16
6.33854e-04	5.710e-16
6.37031e-04	5.797e-16
6.40224e-04	5.884e-16
6.43432e-04	5.973e-16
6.46657e-04	6.064e-16
6.49898e-04	6.155e-16
6.53155e-04	6.248e-16
6.56429e-04	6.343e-16
6.59719e-04	6.439e-16
6.63025e-04	6.536e-16
6.66348e-04	6.635e-16
6.69688e-04	6.735e-16
6.73044e-04	6.837e-16
6.76417e-04	6.940e-16
6.79807e-04	7.045e-16
6.83214e-04	7.152e-16
6.86638e-04	7.260e-16
6.90080e-04	7.369e-16
6.93538e-04	7.481e-16
6.97014e-04	7.594e-16
7.00508e-04	7.709e-16
7.04018e-04	7.825e-16
7.07547e-04	7.944e-16
7.11093e-04	8.064e-16
7.14657e-04	8.186e-16
7.18239e-04	8.309e-16
7.21838e-04	8.435e-16
7.25456e-04	8.562e-16
7.29092e-04	8.692e-16
7.32746e-04	8.823e-16
7.36418e-04	8.957e-16
7.40109e-04	9.092e-16
7.43818e-04	9.229e-16
7.47546e-04	9.369e-16
7.51293e-04	9.511e-16
7.55058e-04	9.654e-16
7.58843e-04	9.800e-16
7.62646e-04	9.948e-16
7.66468e-04	1.010e-15
7.70309e-04	1.025e-15
7.74170e-04	1.041e-15
7.78050e-04	1.056e-15
7.81949e-04	1.072e-15
7.85868e-04	1.089e-15
7.89807e-04	1.105e-15
7.93766e-04	1.122e-15
7.97744e-04	1.139e-15
8.01742e-04	1.156e-15
8.05760e-04	1.173e-15
8.09798e-04	1.191e-15
8.13857e-04	1.209e-15
8.17936e-04	1.227e-15
8.22035e-04	1.246e-15
8.26155e-04	1.265e-15
8.30296e-04	1.284e-15
8.34457e-04	1.303e-15
8.38639e-04	1.323e-15
8.42842e-04	1.343e-15
8.47067e-04	1.363e-15
8.51312e-04	1.384e-15
8.55579e-04	1.405e-15
8.59867e-04	1.426e-15
8.64176e-04	1.448e-15
8.68507e-04	1.469e-15
8.72860e-04	1.492e-15
8.77235e-04	1.514e-15
8.81631e-04	1.537e-15
8.86050e-04	1.560e-15
8.90490e-04	1.584e-15
8.94953e-04	1.608e-15
8.99439e-04	1.632e-15
9.03947e-04	1.657e-15
9.08477e-04	1.682e-15
9.13030e-04	1.707e-15
9.17606e-04	1.733e-15
9.22205e-04	1.759e-15
9.26827e-04	1.786e-15
9.31472e-04	1.813e-15
9.36141e-04	1.840e-15
9.40832e-04	1.868e-15
9.45548e-04	1.896e-15
9.50287e-04	1.925e-15
9.55049e-04	1.954e-15
9.59836e-04	1.984e-15
9.64646e-04	2.014e-15
9.69481e-04	2.044e-15
9.74340e-04	2.075e-15
9.79223e-04	2.106e-15
9.84131e-04	2.138e-15
9.89063e-04	2.171e-15
9.94020e-04	2.203e-15
9.99002e-04	2.237e-15
1.00401e-03	2.270e-15
1.00904e-03	2.305e-15
1.01410e-03	2.340e-15
1.01918e-03	2.375e-15
1.02429e-03	2.411e-15
1.02942e-03	2.447e-15
1.03458e-03	2.484e-15
1.03977e-03	2.522e-15
1.04498e-03	2.560e-15
1.05021e-03	2.599e-15
1.05548e-03	2.638e-15
1.06077e-03	2.678e-15
1.06608e-03	2.718e-15
1.07143e-03	2.759e-15
1.07680e-03	2.801e-15
1.08219e-03	2.844e-15
1.08762e-03	2.886e-15
1.09307e-03	2.930e-15
1.09855e-03	2.974e-15
1.10405e-03	3.019e-15
1.10959e-03	3.065e-15
1.11515e-03	3.111e-15
1.12074e-03	3.158e-15
1.12635e-03	3.206e-15
1.13200e-03	3.255e-15
1.13767e-03	3.304e-15
1.14337e-03	3.354e-15
1.14910e-03	3.404e-15
1.15486e-03	3.456e-15
1.16065e-03	3.508e-15
1.16647e-03	3.561e-15
1.17231e-03	3.615e-15
1.17819e-03	3.670e-15
1.18409e-03	3.725e-15
1.19003e-03	3.781e-15
1.19599e-03	3.839e-15
1.20199e-03	3.897e-15
1.20801e-03	3.955e-15
1.21407e-03	4.015e-15
1.22015e-03	4.076e-15
1.22627e-03	4.138e-15
1.23241e-03	4.200e-15
1.23859e-03	4.264e-15
1.24480e-03	4.328e-15
1.25103e-03	4.394e-15
1.25730e-03	4.460e-15
1.26361e-03	4.527e-15
1.26994e-03	4.596e-15
1.27630e-03	4.665e-15
1.28270e-03	4.736e-15
1.28913e-03	4.807e-15
1.29559e-03	4.880e-15
1.30208e-03	4.954e-15
1.30861e-03	5.029e-15
1.31517e-03	5.105e-15
1.32176e-03	5.182e-15
1.32838e-03	5.260e-15
1.33504e-03	5.340e-15
1.34173e-03	5.420e-15
1.34846e-03	5.502e-15
1.35521e-03	5.586e-15
1.36201e-03	5.670e-15
1.36883e-03	5.756e-15
1.37569e-03	5.843e-15
1.38259e-03	5.931e-15
1.38952e-03	6.021e-15
1.39648e-03	6.112e-15
1.40348e-03	6.204e-15
1.41051e-03	6.298e-15
1.41758e-03	6.393e-15
1.42469e-03	6.490e-15
1.43183e-03	6.588e-15
1.43900e-03	6.687e-15
1.44622e-03	6.788e-15
1.45346e-03	6.891e-15
1.46075e-03	6.995e-15
1.46807e-03	7.101e-15
1.47543e-03	7.208e-15
1.48282e-03	7.317e-15
1.49025e-03	7.428e-15
1.49772e-03	7.540e-15
1.50523e-03	7.654e-15
1.51277e-03	7.770e-15
1.52036e-03	7.887e-15
1.52798e-03	8.006e-15
1.53563e-03	8.127e-15
1.54333e-03	8.250e-15
1.55106e-03	8.375e-15
1.55884e-03	8.502e-15
1.56665e-03	8.630e-15
1.57450e-03	8.761e-15
1.58239e-03	8.893e-15
1.59032e-03	9.027e-15
1.59829e-03	9.164e-15
1.60631e-03	9.302e-15
1.61436e-03	9.443e-15
1.62245e-03	9.586e-15
1.63058e-03	9.731e-15
1.63875e-03	9.878e-15
1.64696e-03	1.003e-14
1.65522e-03	1.018e-14
1.66351e-03	1.033e-14
1.67185e-03	1.049e-14
1.68023e-03	1.065e-14
1.68865e-03	1.081e-14
1.69711e-03	1.097e-14
1.70562e-03	1.114e-14
1.71417e-03	1.131e-14
1.72276e-03	1.148e-14
1.73139e-03	1.165e-14
1.74007e-03	1.183e-14
1.74879e-03	1.201e-14
1.75756e-03	1.219e-14
1.76636e-03	1.237e-14
1.77522e-03	1.256e-14
1.78411e-03	1.275e-14
1.79306e-03	1.294e-14
1.80204e-03	1.314e-14
1.81107e-03	1.333e-14
1.82015e-03	1.354e-14
1.82927e-03	1.374e-14
1.83844e-03	1.395e-14
1.84766e-03	1.416e-14
1.85692e-03	1.437e-14
1.86622e-03	1.459e-14
1.87558e-03	1.481e-14
1.88498e-03	1.503e-14
1.89442e-03	1.526e-14
1.90392e-03	1.549e-14
1.91346e-03	1.573e-14
1.92305e-03	1.596e-14
1.93269e-03	1.621e-14
1.94237e-03	1.645e-14
1.95211e-03	1.670e-14
1.96189e-03	1.695e-14
1.97172e-03	1.721e-14
1.98161e-03	1.747e-14
1.99154e-03	1.773e-14
2.00152e-03	1.800e-14
2.01155e-03	1.827e-14
2.02163e-03	1.855e-14
2.03176e-03	1.883e-14
2.04195e-03	1.911e-14
2.05218e-03	1.940e-14
2.06247e-03	1.970e-14
2.07280e-03	1.999e-14
2.08319e-03	2.030e-14
2.09363e-03	2.060e-14
2.10412e-03	2.091e-14
2.11467e-03	2.123e-14
2.12527e-03	2.155e-14
2.13592e-03	2.188e-14
2.14663e-03	2.221e-14
2.15738e-03	2.254e-14
2.16820e-03	2.288e-14
2.17906e-03	2.323e-14
2.18998e-03	2.358e-14
2.20096e-03	2.394e-14
2.21199e-03	2.430e-14
2.22308e-03	2.467e-14
2.23422e-03	2.504e-14
2.24542e-03	2.542e-14
2.25667e-03	2.580e-14
2.26798e-03	2.619e-14
2.27935e-03	2.659e-14
2.29077e-03	2.699e-14
2.30225e-03	2.740e-14
2.31379e-03	2.781e-14
2.32539e-03	2.823e-14
2.33704e-03	2.866e-14
2.34875e-03	2.909e-14
2.36052e-03	2.953e-14
2.37236e-03	2.998e-14
2.38425e-03	3.043e-14
2.39619e-03	3.089e-14
2.40820e-03	3.136e-14
2.42027e-03	3.183e-14
2.43240e-03	3.232e-14
2.44459e-03	3.280e-14
2.45685e-03	3.330e-14
2.46916e-03	3.380e-14
2.48153e-03	3.431e-14
2.49397e-03	3.483e-14
2.50647e-03	3.536e-14
2.51903e-03	3.589e-14
2.53166e-03	3.644e-14
2.54435e-03	3.699e-14
2.55710e-03	3.755e-14
2.56991e-03	3.811e-14
2.58279e-03	3.869e-14
2.59574e-03	3.927e-14
2.60875e-03	3.987e-14
2.62182e-03	4.047e-14
2.63496e-03	4.108e-14
2.64817e-03	4.170e-14
2.66144e-03	4.233e-14
2.67478e-03	4.297e-14
2.68818e-03	4.362e-14
2.70166e-03	4.428e-14
2.71520e-03	4.495e-14
2.72881e-03	4.563e-14
2.74248e-03	4.632e-14
2.75623e-03	4.702e-14
2.77004e-03	4.773e-14
2.78392e-03	4.845e-14
2.79788e-03	4.919e-14
2.81190e-03	4.993e-14
2.82599e-03	5.068e-14
2.84016e-03	5.145e-14
2.85439e-03	5.223e-14
2.86870e-03	5.302e-14
2.88307e-03	5.382e-14
2.89752e-03	5.463e-14
2.91204e-03	5.546e-14
2.92664e-03	5.630e-14
2.94131e-03	5.715e-14
2.95605e-03	5.801e-14
2.97086e-03	5.889e-14
2.98575e-03	5.978e-14
3.00072e-03	6.068e-14
3.01576e-03	6.160e-14
3.03087e-03	6.253e-14
3.04606e-03	6.348e-14
3.06133e-03	6.444e-14
3.07667e-03	6.541e-14
3.09209e-03	6.640e-14
3.10759e-03	6.740e-14
3.12316e-03	6.842e-14
3.13881e-03	6.946e-14
3.15455e-03	7.051e-14
3.17036e-03	7.157e-14
3.18624e-03	7.265e-14
3.20221e-03	7.375e-14
3.21826e-03	7.487e-14
3.23439e-03	7.600e-14
3.25060e-03	7.715e-14
3.26689e-03	7.831e-14
3.28327e-03	7.950e-14
3.29972e-03	8.070e-14
3.31626e-03	8.192e-14
3.33288e-03	8.316e-14
3.34958e-03	8.441e-14
3.36637e-03	8.569e-14
3.38324e-03	8.699e-14
3.40020e-03	8.830e-14
3.41724e-03	8.963e-14
3.43437e-03	9.099e-14
3.45158e-03	9.237e-14
3.46888e-03	9.376e-14
3.48626e-03	9.518e-14
3.50374e-03	9.662e-14
3.52130e-03	9.808e-14
3.53894e-03	9.956e-14
3.55668e-03	1.011e-13
3.57451e-03	1.026e-13
3.59242e-03	1.041e-13
3.61043e-03	1.057e-13
3.62852e-03	1.073e-13
3.64671e-03	1.089e-13
3.66498e-03	1.106e-13
3.68335e-03	1.123e-13
3.70181e-03	1.140e-13
3.72036e-03	1.157e-13
3.73901e-03	1.174e-13
3.75775e-03	1.192e-13
3.77658e-03	1.210e-13
3.79551e-03	1.228e-13
3.81453e-03	1.247e-13
3.83365e-03	1.266e-13
3.85286e-03	1.285e-13
3.87217e-03	1.304e-13
3.89158e-03	1.324e-13
3.91109e-03	1.344e-13
3.93069e-03	1.364e-13
3.95039e-03	1.385e-13
3.97019e-03	1.406e-13
3.99008e-03	1.427e-13
4.01008e-03	1.449e-13
4.03018e-03	1.471e-13
4.05038e-03	1.493e-13
4.07068e-03	1.515e-13
4.09108e-03	1.538e-13
4.11158e-03	1.562e-13
4.13219e-03	1.585e-13
4.15290e-03	1.609e-13
4.17371e-03	1.633e-13
4.19463e-03	1.658e-13
4.21565e-03	1.683e-13
4.23678e-03	1.709e-13
4.25802e-03	1.734e-13
4.27936e-03	1.761e-13
4.30080e-03	1.787e-13
4.32236e-03	1.814e-13
4.34402e-03	1.842e-13
4.36579e-03	1.870e-13
4.38767e-03	1.898e-13
4.40966e-03	1.927e-13
4.43177e-03	1.956e-13
4.45398e-03	1.985e-13
4.47630e-03	2.015e-13
4.49873e-03	2.046e-13
4.52128e-03	2.077e-13
4.54394e-03	2.108e-13
4.56671e-03	2.140e-13
4.58960e-03	2.172e-13
4.61260e-03	2.205e-13
4.63572e-03	2.238e-13
4.65895e-03	2.272e-13
4.68230e-03	2.307e-13
4.70577e-03	2.341e-13
4.72936e-03	2.377e-13
4.75306e-03	2.413e-13
4.77688e-03	2.449e-13
4.80082e-03	2.486e-13
4.82488e-03	2.524e-13
4.84906e-03	2.562e-13
4.87337e-03	2.601e-13
4.89779e-03	2.640e-13
4.92234e-03	2.680e-13
4.94701e-03	2.720e-13
4.97180e-03	2.762e-13
4.99672e-03	2.803e-13
5.02176e-03	2.846e-13
5.04693e-03	2.889e-13
5.07222e-03	2.932e-13
5.09765e-03	2.977e-13
5.12319e-03	3.022e-13
5.14887e-03	3.067e-13
5.17468e-03	3.114e-13
5.20061e-03	3.161e-13
5.22667e-03	3.209e-13
5.25287e-03	3.257e-13
5.27920e-03	3.306e-13
5.30566e-03	3.356e-13
5.33225e-03	3.407e-13
5.35897e-03	3.459e-13
5.38583e-03	3.511e-13
5.41282e-03	3.564e-13
5.43995e-03	3.618e-13
5.46721e-03	3.672e-13
5.49462e-03	3.728e-13
5.52215e-03	3.784e-13
5.54983e-03	3.842e-13
5.57764e-03	3.900e-13
5.60560e-03	3.959e-13
5.63369e-03	4.018e-13
5.66193e-03	4.079e-13
5.69030e-03	4.141e-13
5.71882e-03	4.203e-13
5.74748e-03	4.267e-13
5.77629e-03	4.331e-13
5.80524e-03	4.397e-13
5.83433e-03	4.463e-13
5.86358e-03	4.531e-13
5.89296e-03	4.599e-13
5.92250e-03	4.669e-13
5.95218e-03	4.739e-13
5.98201e-03	4.811e-13
6.01199e-03	4.884e-13
6.04212e-03	4.958e-13
6.07241e-03	5.033e-13
6.10284e-03	5.109e-13
6.13343e-03	5.186e-13
6.16417e-03	5.264e-13
6.19506e-03	5.344e-13
6.22611e-03	5.425e-13
6.25731e-03	5.507e-13
6.28867e-03	5.590e-13
6.32019e-03	5.674e-13
6.35187e-03	5.760e-13
6.38370e-03	5.847e-13
6.41569e-03	5.936e-13
6.44785e-03	6.025e-13
6.48017e-03	6.116e-13
6.51264e-03	6.209e-13
6.54528e-03	6.303e-13
6.57809e-03	6.398e-13
6.61106e-03	6.495e-13
6.64419e-03	6.593e-13
6.67749e-03	6.692e-13
6.71095e-03	6.794e-13
6.74459e-03	6.896e-13
6.77839e-03	7.001e-13
6.81236e-03	7.106e-13
6.84651e-03	7.214e-13
6.88082e-03	7.323e-13
6.91531e-03	7.434e-13
6.94996e-03	7.546e-13
6.98480e-03	7.660e-13
7.01980e-03	7.776e-13
7.05498e-03	7.893e-13
7.09034e-03	8.013e-13
7.12588e-03	8.134e-13
7.16159e-03	8.257e-13
7.19748e-03	8.382e-13
7.23356e-03	8.508e-13
7.26981e-03	8.637e-13
7.30625e-03	8.767e-13
7.34286e-03	8.900e-13
7.37967e-03	9.034e-13
7.41665e-03	9.171e-13
7.45382e-03	9.310e-13
7.49118e-03	9.450e-13
7.52872e-03	9.593e-13
7.56646e-03	9.738e-13
7.60438e-03	9.885e-13
7.64249e-03	1.003e-12
7.68079e-03	1.019e-12
7.71929e-03	1.034e-12
7.75798e-03	1.050e-12
7.79686e-03	1.066e-12
7.83593e-03	1.082e-12
7.87521e-03	1.098e-12
7.91468e-03	1.115e-12
7.95434e-03	1.131e-12
7.99421e-03	1.149e-12
8.03427e-03	1.166e-12
8.07454e-03	1.184e-12
8.11501e-03	1.201e-12
8.15568e-03	1.220e-12
8.19655e-03	1.238e-12
8.23763e-03	1.257e-12
8.27892e-03	1.276e-12
8.32041e-03	1.295e-12
8.36211e-03	1.315e-12
8.40402e-03	1.334e-12
8.44614e-03	1.355e-12
8.48847e-03	1.375e-12
8.53102e-03	1.396e-12
8.57377e-03	1.417e-12
8.61674e-03	1.438e-12
8.65993e-03	1.460e-12
8.70333e-03	1.482e-12
8.74695e-03	1.505e-12
8.79079e-03	1.527e-12
8.83485e-03	1.550e-12
8.87912e-03	1.574e-12
8.92363e-03	1.598e-12
8.96835e-03	1.622e-12
9.01330e-03	1.646e-12
9.05847e-03	1.671e-12
9.10387e-03	1.697e-12
9.14950e-03	1.722e-12
9.19535e-03	1.748e-12
9.24144e-03	1.775e-12
9.28775e-03	1.802e-12
9.33430e-03	1.829e-12
9.38108e-03	1.857e-12
9.42810e-03	1.885e-12
9.47535e-03	1.913e-12
9.52284e-03	1.942e-12
9.57057e-03	1.972e-12
9.61854e-03	2.002e-12
9.66674e-03	2.032e-12
9.71519e-03	2.063e-12
9.76388e-03	2.094e-12
9.81282e-03	2.126e-12
9.86200e-03	2.158e-12
9.91142e-03	2.191e-12
9.96110e-03	2.224e-12
1.00110e-02	2.258e-12
1.00612e-02	2.292e-12
1.01116e-02	2.327e-12
1.01623e-02	2.362e-12
1.02132e-02	2.398e-12
1.02644e-02	2.434e-12
1.03159e-02	2.471e-12
1.03676e-02	2.508e-12
1.04195e-02	2.547e-12
1.04717e-02	2.585e-12
1.05242e-02	2.624e-12
1.05770e-02	2.664e-12
1.06300e-02	2.704e-12
1.06833e-02	2.745e-12
1.07368e-02	2.787e-12
1.07906e-02	2.829e-12
1.08447e-02	2.872e-12
1.08990e-02	2.916e-12
1.09537e-02	2.960e-12
1.10086e-02	3.005e-12
1.10637e-02	3.050e-12
1.11192e-02	3.097e-12
1.11749e-02	3.143e-12
1.12309e-02	3.191e-12
1.12872e-02	3.239e-12
1.13438e-02	3.289e-12
1.14006e-02	3.338e-12
1.14578e-02	3.389e-12
1.15152e-02	3.440e-12
1.15729e-02	3.492e-12
1.16309e-02	3.545e-12
1.16892e-02	3.599e-12
1.17478e-02	3.654e-12
1.18067e-02	3.709e-12
1.18658e-02	3.765e-12
1.19253e-02	3.822e-12
1.19851e-02	3.880e-12
1.20451e-02	3.939e-12
1.21055e-02	3.999e-12
1.21662e-02	4.059e-12
1.22272e-02	4.121e-12
1.22884e-02	4.183e-12
1.23500e-02	4.247e-12
1.24119e-02	4.311e-12
1.24741e-02	4.376e-12
1.25366e-02	4.443e-12
1.25995e-02	4.510e-12
1.26626e-02	4.579e-12
1.27261e-02	4.648e-12
1.27899e-02	4.718e-12
1.28540e-02	4.790e-12
1.29184e-02	4.862e-12
1.29831e-02	4.936e-12
1.30482e-02	5.011e-12
1.31136e-02	5.087e-12
1.31793e-02	5.164e-12
1.32454e-02	5.242e-12
1.33118e-02	5.322e-12
1.33785e-02	5.402e-12
1.34455e-02	5.484e-12
1.35129e-02	5.567e-12
1.35806e-02	5.652e-12
1.36487e-02	5.737e-12
1.37171e-02	5.824e-12
1.37859e-02	5.913e-12
1.38549e-02	6.002e-12
1.39244e-02	6.093e-12
1.39942e-02	6.186e-12
1.40643e-02	6.280e-12
1.41348e-02	6.376e-12
1.42056e-02	6.473e-12
1.42768e-02	6.572e-12
1.43484e-02	6.672e-12
1.44203e-02	6.774e-12
1.44926e-02	6.877e-12
1.45652e-02	6.982e-12
1.46382e-02	7.089e-12
1.47116e-02	7.197e-12
1.47853e-02	7.307e-12
1.48594e-02	7.418e-12
1.49339e-02	7.532e-12
1.50087e-02	7.647e-12
1.50839e-02	7.763e-12
1.51595e-02	7.882e-12
1.52355e-02	8.002e-12
1.53119e-02	8.124e-12
1.53886e-02	8.248e-12
1.54657e-02	8.374e-12
1.55433e-02	8.502e-12
1.56211e-02	8.632e-12
1.56994e-02	8.763e-12
1.57781e-02	8.897e-12
1.58572e-02	9.033e-12
1.59367e-02	9.171e-12
1.60165e-02	9.311e-12
1.60968e-02	9.453e-12
1.61775e-02	9.597e-12
1.62586e-02	9.744e-12
1.63401e-02	9.892e-12
1.64220e-02	1.004e-11
1.65043e-02	1.020e-11
1.65870e-02	1.035e-11
1.66701e-02	1.051e-11
1.67537e-02	1.067e-11
1.68376e-02	1.083e-11
1.69220e-02	1.100e-11
1.70068e-02	1.117e-11
1.70921e-02	1.134e-11
1.71777e-02	1.151e-11
1.72638e-02	1.169e-11
1.73503e-02	1.186e-11
1.74373e-02	1.205e-11
1.75247e-02	1.223e-11
1.76125e-02	1.242e-11
1.77008e-02	1.261e-11
1.77895e-02	1.280e-11
1.78787e-02	1.299e-11
1.79683e-02	1.319e-11
1.80583e-02	1.339e-11
1.81488e-02	1.360e-11
1.82398e-02	1.380e-11
1.83312e-02	1.401e-11
1.84231e-02	1.422e-11
1.85154e-02	1.443e-11
1.86082e-02	1.465e-11
1.87015e-02	1.487e-11
1.87952e-02	1.509e-11
1.88894e-02	1.532e-11
1.89840e-02	1.555e-11
1.90792e-02	1.578e-11
1.91748e-02	1.602e-11
1.92709e-02	1.626e-11
1.93675e-02	1.650e-11
1.94646e-02	1.675e-11
1.95621e-02	1.700e-11
1.96602e-02	1.726e-11
1.97587e-02	1.751e-11
1.98577e-02	1.778e-11
1.99572e-02	1.804e-11
2.00573e-02	1.831e-11
2.01578e-02	1.859e-11
2.02588e-02	1.887e-11
2.03604e-02	1.915e-11
2.04624e-02	1.944e-11
2.05650e-02	1.973e-11
2.06680e-02	2.002e-11
2.07716e-02	2.032e-11
2.08757e-02	2.063e-11
2.09803e-02	2.094e-11
2.10855e-02	2.125e-11
2.11912e-02	2.157e-11
2.12974e-02	2.189e-11
2.14041e-02	2.222e-11
2.15114e-02	2.255e-11
2.16192e-02	2.289e-11
2.17275e-02	2.324e-11
2.18364e-02	2.358e-11
2.19459e-02	2.394e-11
2.20559e-02	2.430e-11
2.21664e-02	2.466e-11
2.22775e-02	2.503e-11
2.23892e-02	2.540e-11
2.25014e-02	2.579e-11
2.26141e-02	2.617e-11
2.27275e-02	2.656e-11
2.28414e-02	2.696e-11
2.29559e-02	2.737e-11
2.30709e-02	2.778e-11
2.31865e-02	2.819e-11
2.33027e-02	2.862e-11
2.34195e-02	2.904e-11
2.35369e-02	2.948e-11
2.36549e-02	2.992e-11
2.37734e-02	3.037e-11
2.38926e-02	3.082e-11
2.40123e-02	3.129e-11
2.41327e-02	3.176e-11
2.42536e-02	3.223e-11
2.43752e-02	3.271e-11
2.44973e-02	3.320e-11
2.46201e-02	3.370e-11
2.47435e-02	3.421e-11
2.48675e-02	3.472e-11
2.49921e-02	3.524e-11
2.51174e-02	3.577e-11
2.52433e-02	3.630e-11
2.53698e-02	3.685e-11
2.54970e-02	3.740e-11
2.56247e-02	3.796e-11
2.57532e-02	3.853e-11
2.58822e-02	3.911e-11
2.60120e-02	3.969e-11
2.61423e-02	4.029e-11
2.62733e-02	4.089e-11
2.64050e-02	4.151e-11
2.65374e-02	4.213e-11
2.66704e-02	4.276e-11
2.68040e-02	4.340e-11
2.69384e-02	4.405e-11
2.70734e-02	4.471e-11
2.72091e-02	4.538e-11
2.73454e-02	4.606e-11
2.74825e-02	4.675e-11
2.76202e-02	4.745e-11
2.77586e-02	4.816e-11
2.78978e-02	4.889e-11
2.80376e-02	4.962e-11
2.81781e-02	5.036e-11
2.83193e-02	5.112e-11
2.84613e-02	5.188e-11
2.86039e-02	5.266e-11
2.87473e-02	5.345e-11
2.88913e-02	5.425e-11
2.90361e-02	5.506e-11
2.91817e-02	5.589e-11
2.93279e-02	5.673e-11
2.94749e-02	5.758e-11
2.96226e-02	5.844e-11
2.97711e-02	5.932e-11
2.99203e-02	6.020e-11
3.00702e-02	6.111e-11
3.02210e-02	6.202e-11
3.03724e-02	6.295e-11
3.05246e-02	6.390e-11
3.06776e-02	6.485e-11
3.08314e-02	6.583e-11
3.09859e-02	6.681e-11
3.11412e-02	6.781e-11
3.12973e-02	6.883e-11
3.14541e-02	6.986e-11
3.16118e-02	7.091e-11
3.17702e-02	7.197e-11
3.19294e-02	7.305e-11
3.20895e-02	7.414e-11
3.22503e-02	7.526e-11
3.24119e-02	7.638e-11
3.25744e-02	7.753e-11
3.27376e-02	7.869e-11
3.29017e-02	7.987e-11
3.30666e-02	8.107e-11
3.32323e-02	8.228e-11
3.33989e-02	8.351e-11
3.35663e-02	8.477e-11
3.37345e-02	8.604e-11
3.39036e-02	8.733e-11
3.40735e-02	8.864e-11
3.42442e-02	8.996e-11
3.44159e-02	9.131e-11
3.45884e-02	9.268e-11
3.47617e-02	9.407e-11
3.49359e-02	9.548e-11
3.51110e-02	9.691e-11
3.52870e-02	9.836e-11
3.54638e-02	9.984e-11
3.56416e-02	1.013e-10
3.58202e-02	1.029e-10
3.59997e-02	1.044e-10
3.61802e-02	1.060e-10
3.63615e-02	1.075e-10
3.65437e-02	1.092e-10
3.67269e-02	1.108e-10
3.69110e-02	1.125e-10
3.70959e-02	1.141e-10
3.72819e-02	1.159e-10
3.74687e-02	1.176e-10
3.76565e-02	1.193e-10
3.78452e-02	1.211e-10
3.80349e-02	1.230e-10
3.82255e-02	1.248e-10
3.84171e-02	1.267e-10
3.86096e-02	1.286e-10
3.88032e-02	1.305e-10
3.89976e-02	1.324e-10
3.91931e-02	1.344e-10
3.93895e-02	1.364e-10
3.95869e-02	1.385e-10
3.97853e-02	1.406e-10
3.99847e-02	1.427e-10
4.01851e-02	1.448e-10
4.03865e-02	1.470e-10
4.05889e-02	1.492e-10
4.07924e-02	1.514e-10
4.09968e-02	1.537e-10
4.12023e-02	1.560e-10
4.14088e-02	1.583e-10
4.16163e-02	1.607e-10
4.18249e-02	1.631e-10
4.20345e-02	1.656e-10
4.22452e-02	1.680e-10
4.24569e-02	1.706e-10
4.26697e-02	1.731e-10
4.28835e-02	1.757e-10
4.30985e-02	1.783e-10
4.33145e-02	1.810e-10
4.35315e-02	1.837e-10
4.37497e-02	1.865e-10
4.39690e-02	1.893e-10
4.41893e-02	1.921e-10
4.44108e-02	1.950e-10
4.46334e-02	1.979e-10
4.48571e-02	2.009e-10
4.50819e-02	2.039e-10
4.53078e-02	2.070e-10
4.55349e-02	2.101e-10
4.57631e-02	2.132e-10
4.59925e-02	2.164e-10
4.62230e-02	2.196e-10
4.64547e-02	2.229e-10
4.66875e-02	2.263e-10
4.69215e-02	2.297e-10
4.71566e-02	2.331e-10
4.73930e-02	2.366e-10
4.76305e-02	2.401e-10
4.78692e-02	2.437e-10
4.81091e-02	2.474e-10
4.83503e-02	2.511e-10
4.85926e-02	2.549e-10
4.88361e-02	2.587e-10
4.90809e-02	2.626e-10
4.93269e-02	2.665e-10
4.95741e-02	2.705e-10
4.98225e-02	2.745e-10
5.00722e-02	2.787e-10
5.03232e-02	2.828e-10
5.05754e-02	2.871e-10
5.08289e-02	2.914e-10
5.10836e-02	2.957e-10
5.13396e-02	3.002e-10
5.15970e-02	3.047e-10
5.18555e-02	3.092e-10
5.21154e-02	3.139e-10
5.23766e-02	3.186e-10
5.26391e-02	3.234e-10
5.29030e-02	3.282e-10
5.31681e-02	3.331e-10
5.34346e-02	3.381e-10
5.37024e-02	3.432e-10
5.39715e-02	3.483e-10
5.42420e-02	3.535e-10
5.45139e-02	3.588e-10
5.47871e-02	3.642e-10
5.50617e-02	3.697e-10
5.53376e-02	3.752e-10
5.56150e-02	3.809e-10
5.58937e-02	3.866e-10
5.61738e-02	3.924e-10
5.64554e-02	3.982e-10
5.67383e-02	4.042e-10
5.70227e-02	4.103e-10
5.73085e-02	4.164e-10
5.75957e-02	4.226e-10
5.78843e-02	4.290e-10
5.81744e-02	4.354e-10
5.84660e-02	4.419e-10
5.87590e-02	4.486e-10
5.90535e-02	4.553e-10
5.93495e-02	4.621e-10
5.96469e-02	4.690e-10
5.99459e-02	4.761e-10
6.02463e-02	4.832e-10
6.05483e-02	4.904e-10
6.08517e-02	4.978e-10
6.11567e-02	5.053e-10
6.14632e-02	5.128e-10
6.17712e-02	5.205e-10
6.20808e-02	5.283e-10
6.23920e-02	5.362e-10
6.27047e-02	5.443e-10
6.30189e-02	5.524e-10
6.33348e-02	5.607e-10
6.36522e-02	5.691e-10
6.39712e-02	5.776e-10
6.42918e-02	5.863e-10
6.46140e-02	5.951e-10
6.49379e-02	6.040e-10
6.52633e-02	6.131e-10
6.55904e-02	6.222e-10
6.59192e-02	6.316e-10
6.62495e-02	6.410e-10
6.65816e-02	6.506e-10
6.69153e-02	6.604e-10
6.72506e-02	6.703e-10
6.75877e-02	6.803e-10
6.79264e-02	6.905e-10
6.82669e-02	7.008e-10
6.86090e-02	7.111e-10
6.89529e-02	7.215e-10
6.92984e-02	7.320e-10
6.96457e-02	7.427e-10
6.99948e-02	7.535e-10
7.03456e-02	7.645e-10
7.06982e-02	7.757e-10
7.10525e-02	7.870e-10
7.14086e-02	7.985e-10
7.17665e-02	8.101e-10
7.21262e-02	8.219e-10
7.24876e-02	8.339e-10
7.28509e-02	8.461e-10
7.32161e-02	8.584e-10
7.35830e-02	8.709e-10
7.39518e-02	8.837e-10
7.43224e-02	8.965e-10
7.46949e-02	9.096e-10
7.50693e-02	9.229e-10
7.54455e-02	9.364e-10
7.58236e-02	9.500e-10
7.62036e-02	9.639e-10
7.65856e-02	9.779e-10
7.69694e-02	9.922e-10
7.73552e-02	1.007e-09
7.77428e-02	1.021e-09
7.81325e-02	1.036e-09
7.85241e-02	1.051e-09
7.89176e-02	1.067e-09
7.93131e-02	1.082e-09
7.97106e-02	1.098e-09
8.01101e-02	1.114e-09
8.05116e-02	1.130e-09
8.09152e-02	1.147e-09
8.13207e-02	1.164e-09
8.17282e-02	1.181e-09
8.21379e-02	1.198e-09
8.25495e-02	1.215e-09
8.29632e-02	1.233e-09
8.33790e-02	1.251e-09
8.37969e-02	1.269e-09
8.42169e-02	1.288e-09
8.46390e-02	1.307e-09
8.50632e-02	1.326e-09
8.54895e-02	1.345e-09
8.59180e-02	1.365e-09
8.63486e-02	1.384e-09
8.67813e-02	1.405e-09
8.72163e-02	1.425e-09
8.76534e-02	1.446e-09
8.80927e-02	1.467e-09
8.85342e-02	1.488e-09
8.89779e-02	1.509e-09
8.94239e-02	1.530e-09
8.98720e-02	1.552e-09
9.03224e-02	1.574e-09
9.07751e-02	1.596e-09
9.12301e-02	1.619e-09
9.16873e-02	1.642e-09
9.21468e-02	1.665e-09
9.26087e-02	1.689e-09
9.30728e-02	1.713e-09
9.35393e-02	1.737e-09
9.40081e-02	1.762e-09
9.44792e-02	1.787e-09
9.49527e-02	1.812e-09
9.54286e-02	1.838e-09
9.59069e-02	1.864e-09
9.63876e-02	1.891e-09
9.68706e-02	1.918e-09
9.73561e-02	1.945e-09
9.78441e-02	1.973e-09
9.83345e-02	2.001e-09
9.88273e-02	2.029e-09
9.93226e-02	2.058e-09
9.98204e-02	2.087e-09
1.00321e-01	2.117e-09
1.00823e-01	2.147e-09
1.01329e-01	2.177e-09
1.01837e-01	2.208e-09
1.02347e-01	2.239e-09
1.02860e-01	2.271e-09
1.03375e-01	2.303e-09
1.03894e-01	2.336e-09
1.04414e-01	2.369e-09
1.04938e-01	2.403e-09
1.05463e-01	2.437e-09
1.05992e-01	2.472e-09
1.06523e-01	2.507e-09
1.07057e-01	2.542e-09
1.07594e-01	2.579e-09
1.08133e-01	2.615e-09
1.08675e-01	2.652e-09
1.09220e-01	2.690e-09
1.09767e-01	2.728e-09
1.10317e-01	2.767e-09
1.10870e-01	2.806e-09
1.11426e-01	2.846e-09
1.11984e-01	2.886e-09
1.12545e-01	2.927e-09
1.13109e-01	2.969e-09
1.13676e-01	3.011e-09
1.14246e-01	3.054e-09
1.14819e-01	3.097e-09
1.15394e-01	3.141e-09
1.15972e-01	3.186e-09
1.16554e-01	3.231e-09
1.17138e-01	3.277e-09
1.17725e-01	3.324e-09
1.18315e-01	3.371e-09
1.18908e-01	3.420e-09
1.19504e-01	3.469e-09
1.20103e-01	3.519e-09
1.20705e-01	3.569e-09
1.21310e-01	3.621e-09
1.21918e-01	3.673e-09
1.22529e-01	3.725e-09
1.23143e-01	3.779e-09
1.23760e-01	3.833e-09
1.24380e-01	3.888e-09
1.25003e-01	3.944e-09
1.25630e-01	4.001e-09
1.26260e-01	4.058e-09
1.26892e-01	4.116e-09
1.27528e-01	4.175e-09
1.28168e-01	4.235e-09
1.28810e-01	4.296e-09
1.29455e-01	4.358e-09
1.30104e-01	4.420e-09
1.30756e-01	4.484e-09
1.31412e-01	4.548e-09
1.32070e-01	4.614e-09
1.32732e-01	4.680e-09
1.33397e-01	4.747e-09
1.34066e-01	4.815e-09
1.34738e-01	4.884e-09
1.35413e-01	4.955e-09
1.36092e-01	5.026e-09
1.36774e-01	5.098e-09
1.37459e-01	5.171e-09
1.38148e-01	5.245e-09
1.38841e-01	5.321e-09
1.39537e-01	5.397e-09
1.40236e-01	5.475e-09
1.40939e-01	5.553e-09
1.41645e-01	5.633e-09
1.42355e-01	5.714e-09
1.43068e-01	5.796e-09
1.43785e-01	5.879e-09
1.44506e-01	5.964e-09
1.45230e-01	6.049e-09
1.45958e-01	6.136e-09
1.46690e-01	6.224e-09
1.47425e-01	6.314e-09
1.48164e-01	6.404e-09
1.48906e-01	6.496e-09
1.49653e-01	6.589e-09
1.50403e-01	6.684e-09
1.51156e-01	6.780e-09
1.51914e-01	6.877e-09
1.52675e-01	6.976e-09
1.53441e-01	7.076e-09
1.54210e-01	7.177e-09
1.54983e-01	7.279e-09
1.55759e-01	7.382e-09
1.56540e-01	7.486e-09
1.57324e-01	7.592e-09
1.58113e-01	7.700e-09
1.58905e-01	7.809e-09
1.59702e-01	7.919e-09
1.60502e-01	8.031e-09
1.61307e-01	8.145e-09
1.62115e-01	8.260e-09
1.62928e-01	8.377e-09
1.63744e-01	8.496e-09
1.64565e-01	8.616e-09
1.65390e-01	8.738e-09
1.66218e-01	8.862e-09
1.67051e-01	8.987e-09
1.67889e-01	9.115e-09
1.68730e-01	9.244e-09
1.69576e-01	9.374e-09
1.70426e-01	9.507e-09
1.71280e-01	9.642e-09
1.72138e-01	9.778e-09
1.73001e-01	9.917e-09
1.73868e-01	1.006e-08
1.74739e-01	1.020e-08
1.75615e-01	1.034e-08
1.76495e-01	1.049e-08
1.77380e-01	1.064e-08
1.78269e-01	1.079e-08
1.79162e-01	1.094e-08
1.80060e-01	1.110e-08
1.80963e-01	1.125e-08
1.81870e-01	1.141e-08
1.82781e-01	1.157e-08
1.83697e-01	1.174e-08
1.84618e-01	1.190e-08
1.85543e-01	1.207e-08
1.86473e-01	1.224e-08
1.87408e-01	1.242e-08
1.88347e-01	1.259e-08
1.89291e-01	1.277e-08
1.90240e-01	1.295e-08
1.91193e-01	1.314e-08
1.92151e-01	1.332e-08
1.93114e-01	1.351e-08
1.94082e-01	1.369e-08
1.95055e-01	1.387e-08
1.96032e-01	1.405e-08
1.97015e-01	1.423e-08
1.98002e-01	1.441e-08
1.98995e-01	1.460e-08
1.99992e-01	1.479e-08
2.00994e-01	1.498e-08
2.02002e-01	1.517e-08
2.03014e-01	1.537e-08
2.04032e-01	1.557e-08
2.05054e-01	1.577e-08
2.06082e-01	1.597e-08
2.07115e-01	1.618e-08
2.08153e-01	1.639e-08
2.09196e-01	1.660e-08
2.10244e-01	1.681e-08
2.11298e-01	1.703e-08
2.12357e-01	1.725e-08
2.13421e-01	1.747e-08
2.14491e-01	1.770e-08
2.15566e-01	1.793e-08
2.16646e-01	1.816e-08
2.17732e-01	1.839e-08
2.18823e-01	1.863e-08
2.19920e-01	1.887e-08
2.21022e-01	1.911e-08
2.22130e-01	1.936e-08
2.23243e-01	1.961e-08
2.24362e-01	1.986e-08
2.25487e-01	2.010e-08
2.26617e-01	2.034e-08
2.27753e-01	2.058e-08
2.28894e-01	2.083e-08
2.30041e-01	2.107e-08
2.31194e-01	2.133e-08
2.32353e-01	2.158e-08
2.33517e-01	2.184e-08
2.34688e-01	2.210e-08
2.35864e-01	2.236e-08
2.37046e-01	2.262e-08
2.38234e-01	2.289e-08
2.39428e-01	2.317e-08
2.40628e-01	2.344e-08
2.41834e-01	2.372e-08
2.43046e-01	2.400e-08
2.44264e-01	2.429e-08
2.45488e-01	2.458e-08
2.46719e-01	2.487e-08
2.47955e-01	2.517e-08
2.49217e-01	2.547e-08
2.50466e-01	2.577e-08
2.51712e-01	2.608e-08
2.52964e-01	2.638e-08
2.54231e-01	2.670e-08
2.55506e-01	2.702e-08
2.56786e-01	2.734e-08
2.58073e-01	2.766e-08
2.59366e-01	2.799e-08
2.60666e-01	2.833e-08
2.61973e-01	2.866e-08
2.63286e-01	2.900e-08
2.64605e-01	2.935e-08
2.65931e-01	2.970e-08
2.67264e-01	3.005e-08
2.68604e-01	3.041e-08
2.69950e-01	3.077e-08
2.71303e-01	3.114e-08
2.72663e-01	3.151e-08
2.74029e-01	3.188e-08
2.75403e-01	3.227e-08
2.76783e-01	3.267e-08
2.78170e-01	3.308e-08
2.79564e-01	3.350e-08
2.80965e-01	3.392e-08
2.82373e-01	3.434e-08
2.83789e-01	3.478e-08
2.85211e-01	3.521e-08
2.86640e-01	3.565e-08
2.88077e-01	3.610e-08
2.89521e-01	3.656e-08
2.90972e-01	3.702e-08
2.92430e-01	3.748e-08
2.93896e-01	3.795e-08
2.95369e-01	3.843e-08
2.96849e-01	3.891e-08
2.98337e-01	3.940e-08
2.99832e-01	3.990e-08
3.01335e-01	4.040e-08
3.02845e-01	4.090e-08
3.04363e-01	4.142e-08
3.05888e-01	4.194e-08
3.07421e-01	4.247e-08
3.08962e-01	4.300e-08
3.10510e-01	4.354e-08
3.12067e-01	4.409e-08
3.13631e-01	4.464e-08
3.15203e-01	4.520e-08
3.16782e-01	4.577e-08
3.18370e-01	4.634e-08
3.19966e-01	4.693e-08
3.21569e-01	4.752e-08
3.23181e-01	4.811e-08
3.24801e-01	4.872e-08
3.26428e-01	4.933e-08
3.28064e-01	4.995e-08
3.29709e-01	5.058e-08
3.31361e-01	5.121e-08
3.33022e-01	5.186e-08
3.34691e-01	5.251e-08
3.36368e-01	5.317e-08
3.38054e-01	5.383e-08
3.39748e-01	5.451e-08
3.41451e-01	5.520e-08
3.43162e-01	5.589e-08
3.44882e-01	5.659e-08
3.46611e-01	5.730e-08
3.48348e-01	5.802e-08
3.50094e-01	5.875e-08
3.51848e-01	5.949e-08
3.53612e-01	6.024e-08
3.55384e-01	6.099e-08
3.57165e-01	6.169e-08
3.58955e-01	6.238e-08
3.60754e-01	6.308e-08
3.62562e-01	6.378e-08
3.64379e-01	6.449e-08
3.66206e-01	6.521e-08
3.68041e-01	6.594e-08
3.69885e-01	6.668e-08
3.71739e-01	6.742e-08
3.73602e-01	6.818e-08
3.75475e-01	6.894e-08
3.77357e-01	6.971e-08
3.79248e-01	7.049e-08
3.81149e-01	7.128e-08
3.83059e-01	7.207e-08
3.84979e-01	7.288e-08
3.86908e-01	7.369e-08
3.88847e-01	7.451e-08
3.90796e-01	7.535e-08
3.92755e-01	7.619e-08
3.94723e-01	7.704e-08
3.96701e-01	7.790e-08
3.98690e-01	7.877e-08
4.00688e-01	7.965e-08
4.02696e-01	8.054e-08
4.04714e-01	8.144e-08
4.06743e-01	8.235e-08
4.08781e-01	8.327e-08
4.10830e-01	8.420e-08
4.12889e-01	8.514e-08
4.14958e-01	8.609e-08
4.17038e-01	8.706e-08
4.19128e-01	8.803e-08
4.21229e-01	8.901e-08
4.23340e-01	9.001e-08
4.25461e-01	9.101e-08
4.27594e-01	9.203e-08
4.29737e-01	9.306e-08
4.31891e-01	9.410e-08
4.34055e-01	9.515e-08
4.36231e-01	9.621e-08
4.38417e-01	9.729e-08
4.40614e-01	9.837e-08
4.42822e-01	9.947e-08
4.45042e-01	1.006e-07
4.47272e-01	1.017e-07
4.49514e-01	1.028e-07
4.51767e-01	1.040e-07
4.54031e-01	1.052e-07
4.56307e-01	1.063e-07
4.58593e-01	1.075e-07
4.60892e-01	1.087e-07
4.63202e-01	1.099e-07
4.65523e-01	1.112e-07
4.67856e-01	1.124e-07
4.70201e-01	1.136e-07
4.72558e-01	1.147e-07
4.74926e-01	1.158e-07
4.77306e-01	1.169e-07
4.79699e-01	1.180e-07
4.82103e-01	1.191e-07
4.84519e-01	1.202e-07
4.86947e-01	1.214e-07
4.89388e-01	1.225e-07
4.91841e-01	1.237e-07
4.94306e-01	1.249e-07
4.96783e-01	1.261e-07
4.99273e-01	1.273e-07
5.01775e-01	1.285e-07
5.04290e-01	1.297e-07
5.06817e-01	1.309e-07
5.09357e-01	1.321e-07
5.11910e-01	1.334e-07
5.14476e-01	1.347e-07
5.17054e-01	1.359e-07
5.19646e-01	1.372e-07
5.22250e-01	1.385e-07
5.24867e-01	1.398e-07
5.27498e-01	1.412e-07
5.30142e-01	1.425e-07
5.32799e-01	1.439e-07
5.35469e-01	1.452e-07
5.38153e-01	1.466e-07
5.40850e-01	1.480e-07
5.43560e-01	1.494e-07
5.46285e-01	1.508e-07
5.49023e-01	1.523e-07
5.51774e-01	1.537e-07
5.54540e-01	1.552e-07
5.57319e-01	1.566e-07
5.60112e-01	1.581e-07
5.62919e-01	1.596e-07
5.65740e-01	1.611e-07
5.68576e-01	1.627e-07
5.71425e-01	1.642e-07
5.74289e-01	1.658e-07
5.77168e-01	1.673e-07
5.80060e-01	1.689e-07
5.82967e-01	1.705e-07
5.85889e-01	1.721e-07
5.88826e-01	1.738e-07
5.91777e-01	1.754e-07
5.94743e-01	1.771e-07
5.97723e-01	1.788e-07
6.00719e-01	1.805e-07
6.03730e-01	1.822e-07
6.06755e-01	1.839e-07
6.09796e-01	1.856e-07
6.12853e-01	1.874e-07
6.15924e-01	1.892e-07
6.19011e-01	1.910e-07
6.22113e-01	1.928e-07
6.25231e-01	1.946e-07
6.28365e-01	1.965e-07
6.31514e-01	1.983e-07
6.34679e-01	2.002e-07
6.37860e-01	2.018e-07
6.41057e-01	2.032e-07
6.44270e-01	2.047e-07
6.47499e-01	2.061e-07
6.50744e-01	2.076e-07
6.54005e-01	2.091e-07
6.57283e-01	2.106e-07
6.60577e-01	2.121e-07
6.63888e-01	2.136e-07
6.67215e-01	2.151e-07
6.70559e-01	2.166e-07
6.73920e-01	2.181e-07
6.77298e-01	2.197e-07
6.80692e-01	2.213e-07
6.84104e-01	2.228e-07
6.87532e-01	2.244e-07
6.90978e-01	2.260e-07
6.94441e-01	2.276e-07
6.97922e-01	2.292e-07
7.01419e-01	2.309e-07
7.04935e-01	2.325e-07
7.08468e-01	2.342e-07
7.12019e-01	2.358e-07
7.15587e-01	2.375e-07
7.19173e-01	2.392e-07
7.22778e-01	2.409e-07
7.26400e-01	2.426e-07
7.30041e-01	2.443e-07
7.33700e-01	2.460e-07
7.37377e-01	2.478e-07
7.41073e-01	2.496e-07
7.44787e-01	2.513e-07
7.48519e-01	2.531e-07
7.52271e-01	2.549e-07
7.56041e-01	2.567e-07
7.59830e-01	2.585e-07
7.63638e-01	2.604e-07
7.67466e-01	2.621e-07
7.71312e-01	2.632e-07
7.75178e-01	2.642e-07
7.79063e-01	2.651e-07
7.82967e-01	2.660e-07
7.86891e-01	2.670e-07
7.90835e-01	2.679e-07
7.94799e-01	2.689e-07
7.98782e-01	2.698e-07
8.02786e-01	2.708e-07
8.06809e-01	2.718e-07
8.10853e-01	2.727e-07
8.14916e-01	2.737e-07
8.19001e-01	2.747e-07
8.23105e-01	2.756e-07
8.27231e-01	2.766e-07
8.31377e-01	2.776e-07
8.35543e-01	2.786e-07
8.39731e-01	2.796e-07
8.43939e-01	2.806e-07
8.48169e-01	2.816e-07
8.52420e-01	2.826e-07
8.56692e-01	2.836e-07
8.60986e-01	2.846e-07
8.65301e-01	2.856e-07
8.69638e-01	2.866e-07
8.73996e-01	2.876e-07
8.78376e-01	2.886e-07
8.82779e-01	2.897e-07
8.87203e-01	2.907e-07
8.91650e-01	2.917e-07
8.96118e-01	2.928e-07
9.00610e-01	2.938e-07
9.05123e-01	2.949e-07
9.09660e-01	2.959e-07
9.14219e-01	2.970e-07
9.18801e-01	2.980e-07
9.23405e-01	2.991e-07
9.28033e-01	3.001e-07
9.32685e-01	3.012e-07
9.37359e-01	3.023e-07
9.42057e-01	3.033e-07
9.46778e-01	3.044e-07
9.51523e-01	3.055e-07
9.56292e-01	3.066e-07
9.61085e-01	3.077e-07
9.65902e-01	3.088e-07
9.70743e-01	2.972e-07
9.75608e-01	2.592e-07
9.80498e-01	2.255e-07
9.85412e-01	1.961e-07
9.90350e-01	1.727e-07
9.96143e-01	1.660e-07
1.00113e+00	1.621e-07
1.00573e+00	1.583e-07
1.01035e+00	1.545e-07
1.01542e+00	1.509e-07
1.02051e+00	1.473e-07
1.02562e+00	1.450e-07
1.03076e+00	1.449e-07
1.03593e+00	1.447e-07
1.04112e+00	1.446e-07
1.04634e+00	1.445e-07
1.05158e+00	1.444e-07
1.05685e+00	1.443e-07
1.06215e+00	1.442e-07
1.06747e+00	1.441e-07
1.07282e+00	1.440e-07
1.07820e+00	1.443e-07
1.08360e+00	1.446e-07
1.08903e+00	1.449e-07
1.09449e+00	1.453e-07
1.09998e+00	1.456e-07
1.10549e+00	1.459e-07
1.11103e+00	1.462e-07
1.11660e+00	1.465e-07
1.12219e+00	1.468e-07
1.12782e+00	1.463e-07
1.13347e+00	1.450e-07
1.13915e+00	1.437e-07
1.14486e+00	1.424e-07
1.15060e+00	1.412e-07
1.15637e+00	1.399e-07
1.16216e+00	1.386e-07
1.16799e+00	1.374e-07
1.17384e+00	1.362e-07
1.17972e+00	1.350e-07
1.18564e+00	1.350e-07
1.19158e+00	1.373e-07
1.19755e+00	1.396e-07
1.20355e+00	1.420e-07
1.20958e+00	1.443e-07
1.21565e+00	1.468e-07
1.22174e+00	1.493e-07
1.22786e+00	1.518e-07
1.23402e+00	1.543e-07
1.24020e+00	1.541e-07
1.24642e+00	1.489e-07
1.25266e+00	1.438e-07
1.25894e+00	1.388e-07
1.26525e+00	1.341e-07
1.27159e+00	1.294e-07
1.27796e+00	1.250e-07
1.28437e+00	1.207e-07
1.29081e+00	1.167e-07
1.29728e+00	1.172e-07
1.30378e+00	1.196e-07
1.31031e+00	1.221e-07
1.31688e+00	1.247e-07
1.32348e+00	1.273e-07
1.33011e+00	1.300e-07
1.33678e+00	1.327e-07
1.34348e+00	1.355e-07
1.35021e+00	1.384e-07
1.35698e+00	1.411e-07
1.36378e+00	1.417e-07
1.37061e+00	1.416e-07
1.37748e+00	1.415e-07
1.38439e+00	1.414e-07
1.39133e+00	1.413e-07
1.39830e+00	1.412e-07
1.40531e+00	1.411e-07
1.41235e+00	1.410e-07
1.41943e+00	1.409e-07
1.42654e+00	1.393e-07
1.43369e+00	1.355e-07
1.44088e+00	1.318e-07
1.44810e+00	1.282e-07
1.45536e+00	1.247e-07
1.46265e+00	1.213e-07
1.46998e+00	1.180e-07
1.47735e+00	1.147e-07
1.48475e+00	1.116e-07
1.49219e+00	1.106e-07
1.49967e+00	1.125e-07
1.50719e+00	1.143e-07
1.51474e+00	1.162e-07
1.52233e+00	1.181e-07
1.52996e+00	1.201e-07
1.53763e+00	1.221e-07
1.54534e+00	1.241e-07
1.55308e+00	1.256e-07
1.56087e+00	1.246e-07
1.56869e+00	1.233e-07
1.57655e+00	1.220e-07
1.58445e+00	1.208e-07
1.59239e+00	1.195e-07
1.60038e+00	1.183e-07
1.60840e+00	1.171e-07
1.61646e+00	1.153e-07
1.62456e+00	1.110e-07
1.63270e+00	1.066e-07
1.64088e+00	1.023e-07
1.64911e+00	9.822e-08
1.65737e+00	9.431e-08
1.66568e+00	9.055e-08
1.67403e+00	8.694e-08
1.68242e+00	8.347e-08
1.69085e+00	8.253e-08
1.69932e+00	8.524e-08
1.70784e+00	8.808e-08
1.71640e+00	9.101e-08
1.72500e+00	9.405e-08
1.73365e+00	9.718e-08
1.74234e+00	1.004e-07
1.75107e+00	1.038e-07
1.75984e+00	1.072e-07
1.76866e+00	1.040e-07
1.77753e+00	8.825e-08
1.78644e+00	7.464e-08
1.79539e+00	6.312e-08
1.80439e+00	5.660e-08
1.81343e+00	5.553e-08
1.82252e+00	5.454e-08
1.83165e+00	5.356e-08
1.84083e+00	5.261e-08
1.85006e+00	5.194e-08
1.85933e+00	5.148e-08
1.86865e+00	5.102e-08
1.87802e+00	5.056e-08
1.88743e+00	5.011e-08
1.89689e+00	4.967e-08
1.90640e+00	4.923e-08
1.91595e+00	4.879e-08
1.92555e+00	4.835e-08
1.93520e+00	4.822e-08
1.94490e+00	4.844e-08
1.95465e+00	4.865e-08
1.96445e+00	4.886e-08
1.97429e+00	4.908e-08
1.98419e+00	4.929e-08
1.99413e+00	4.951e-08
2.00412e+00	4.973e-08
2.01417e+00	4.994e-08
2.02426e+00	5.016e-08
2.03441e+00	5.038e-08
2.04461e+00	5.059e-08
2.05485e+00	5.003e-08
2.06515e+00	4.911e-08
2.07550e+00	4.821e-08
2.08590e+00	4.733e-08
2.09636e+00	4.646e-08
2.10686e+00	4.561e-08
2.11742e+00	4.477e-08
2.12804e+00	4.395e-08
2.13870e+00	4.314e-08
2.14942e+00	4.298e-08
2.16019e+00	4.349e-08
2.17102e+00	4.399e-08
2.18190e+00	4.451e-08
2.19283e+00	4.501e-08
2.20382e+00	4.502e-08
2.21487e+00	4.481e-08
2.22597e+00	4.461e-08
2.23713e+00	4.440e-08
2.24834e+00	4.420e-08
2.25961e+00	4.399e-08
2.27093e+00	4.379e-08
2.28231e+00	4.196e-08
2.29375e+00	3.768e-08
2.30525e+00	3.382e-08
2.31680e+00	3.035e-08
2.32841e+00	2.724e-08
2.34008e+00	2.445e-08
2.35181e+00	2.195e-08
2.36360e+00	1.970e-08
2.37544e+00	1.837e-08
2.38735e+00	1.916e-08
2.39931e+00	2.012e-08
2.41134e+00	2.114e-08
2.42342e+00	2.220e-08
2.43557e+00	2.284e-08
2.44778e+00	2.290e-08
2.46004e+00	2.297e-08
2.47237e+00	2.303e-08
2.48476e+00	2.310e-08
2.49722e+00	2.267e-08
2.50973e+00	1.993e-08
2.52231e+00	1.727e-08
2.53495e+00	1.496e-08
2.54766e+00	1.297e-08
2.56043e+00	1.114e-08
2.57326e+00	9.119e-09
2.58616e+00	7.428e-09
2.59912e+00	6.325e-09
2.61214e+00	6.057e-09
2.62524e+00	5.840e-09
2.63839e+00	5.630e-09
2.65162e+00	5.428e-09
2.66490e+00	5.232e-09
2.67826e+00	5.032e-09
2.69168e+00	4.839e-09
2.70517e+00	4.653e-09
2.71873e+00	4.475e-09
2.73236e+00	4.303e-09
2.74605e+00	4.138e-09
2.75981e+00	3.979e-09
2.77365e+00	3.826e-09
2.78755e+00	3.679e-09
2.80152e+00	3.532e-09
2.81556e+00	3.304e-09
2.82967e+00	3.066e-09
2.84385e+00	2.846e-09
2.85810e+00	2.641e-09
2.87243e+00	2.452e-09
2.88683e+00	2.275e-09
2.90129e+00	2.112e-09
2.91583e+00	1.960e-09
2.93045e+00	1.819e-09
2.94514e+00	1.682e-09
2.95990e+00	1.401e-09
2.97473e+00	1.116e-09
2.98964e+00	8.883e-10
3.00462e+00	7.074e-10
3.01968e+00	5.633e-10
3.03482e+00	4.802e-10
3.05003e+00	4.395e-10
3.06531e+00	4.025e-10
3.08067e+00	3.685e-10
3.09611e+00	3.375e-10
3.11163e+00	3.114e-10
3.12723e+00	2.964e-10
3.14290e+00	2.831e-10
3.15865e+00	2.704e-10
3.17448e+00	2.583e-10
3.19039e+00	2.467e-10
3.20638e+00	2.357e-10
3.22245e+00	2.226e-10
3.23860e+00	2.022e-10
3.25483e+00	1.831e-10
3.27115e+00	1.658e-10
3.28754e+00	1.501e-10
3.30402e+00	1.360e-10
3.32058e+00	1.252e-10
3.33722e+00	1.179e-10
3.35394e+00	1.111e-10
3.37075e+00	1.046e-10
3.38765e+00	9.858e-11
3.40463e+00	9.287e-11
3.42169e+00	8.668e-11
3.43884e+00	6.598e-11
3.45607e+00	4.636e-11
3.47339e+00	3.257e-11
3.49080e+00	2.288e-11
3.50830e+00	1.715e-11
3.52588e+00	1.544e-11
3.54355e+00	1.409e-11
3.56131e+00	1.286e-11
3.57916e+00	1.171e-11
3.59710e+00	1.066e-11
3.61513e+00	9.701e-12
3.63324e+00	8.781e-12
3.65145e+00	7.944e-12
3.66975e+00	7.186e-12
3.68815e+00	6.501e-12
3.70663e+00	5.881e-12
3.72521e+00	5.320e-12
3.74388e+00	4.817e-12
3.76264e+00	4.444e-12
3.78150e+00	4.146e-12
3.80045e+00	3.867e-12
3.81950e+00	3.608e-12
3.84202e+00	3.368e-12
3.86126e+00	3.142e-12
3.87891e+00	2.930e-12
3.89665e+00	2.644e-12
3.91618e+00	2.091e-12
3.93580e+00	1.635e-12
3.95553e+00	1.343e-12
3.98271e+00	1.042e-12
3.98279e+00     1.000e-99
