1.00351e-08	6.063e-30 nuFnu extrapolate
1.00853e-08	6.155e-30
1.01359e-08	6.248e-30
1.01867e-08	6.342e-30
1.02377e-08	6.438e-30
1.02891e-08	6.535e-30
1.03406e-08	6.634e-30
1.03924e-08	6.734e-30
1.04445e-08	6.836e-30
1.04969e-08	6.939e-30
1.05495e-08	7.044e-30
1.06024e-08	7.151e-30
1.06555e-08	7.259e-30
1.07089e-08	7.368e-30
1.07626e-08	7.480e-30
1.08165e-08	7.593e-30
1.08707e-08	7.707e-30
1.09252e-08	7.824e-30
1.09800e-08	7.942e-30
1.10350e-08	8.062e-30
1.10903e-08	8.184e-30
1.11459e-08	8.308e-30
1.12017e-08	8.433e-30
1.12579e-08	8.560e-30
1.13143e-08	8.690e-30
1.13710e-08	8.821e-30
1.14280e-08	8.954e-30
1.14853e-08	9.090e-30
1.15428e-08	9.227e-30
1.16007e-08	9.367e-30
1.16588e-08	9.508e-30
1.17173e-08	9.652e-30
1.17760e-08	9.798e-30
1.18350e-08	9.946e-30
1.18943e-08	1.010e-29
1.19539e-08	1.025e-29
1.20138e-08	1.040e-29
1.20741e-08	1.056e-29
1.21346e-08	1.072e-29
1.21954e-08	1.088e-29
1.22565e-08	1.105e-29
1.23179e-08	1.121e-29
1.23797e-08	1.138e-29
1.24417e-08	1.155e-29
1.25041e-08	1.173e-29
1.25667e-08	1.191e-29
1.26297e-08	1.209e-29
1.26930e-08	1.227e-29
1.27566e-08	1.245e-29
1.28206e-08	1.264e-29
1.28848e-08	1.283e-29
1.29494e-08	1.303e-29
1.30143e-08	1.322e-29
1.30795e-08	1.342e-29
1.31451e-08	1.363e-29
1.32110e-08	1.383e-29
1.32772e-08	1.404e-29
1.33437e-08	1.425e-29
1.34106e-08	1.447e-29
1.34778e-08	1.469e-29
1.35453e-08	1.491e-29
1.36132e-08	1.514e-29
1.36815e-08	1.536e-29
1.37500e-08	1.560e-29
1.38189e-08	1.583e-29
1.38882e-08	1.607e-29
1.39578e-08	1.631e-29
1.40278e-08	1.656e-29
1.40981e-08	1.681e-29
1.41687e-08	1.707e-29
1.42397e-08	1.732e-29
1.43111e-08	1.759e-29
1.43828e-08	1.785e-29
1.44549e-08	1.812e-29
1.45274e-08	1.839e-29
1.46002e-08	1.867e-29
1.46733e-08	1.895e-29
1.47469e-08	1.924e-29
1.48208e-08	1.953e-29
1.48951e-08	1.983e-29
1.49697e-08	2.013e-29
1.50447e-08	2.043e-29
1.51201e-08	2.074e-29
1.51959e-08	2.105e-29
1.52721e-08	2.137e-29
1.53486e-08	2.169e-29
1.54256e-08	2.202e-29
1.55029e-08	2.235e-29
1.55806e-08	2.269e-29
1.56586e-08	2.304e-29
1.57371e-08	2.338e-29
1.58160e-08	2.374e-29
1.58953e-08	2.410e-29
1.59749e-08	2.446e-29
1.60550e-08	2.483e-29
1.61355e-08	2.520e-29
1.62163e-08	2.559e-29
1.62976e-08	2.597e-29
1.63793e-08	2.636e-29
1.64614e-08	2.676e-29
1.65439e-08	2.717e-29
1.66268e-08	2.758e-29
1.67101e-08	2.799e-29
1.67939e-08	2.842e-29
1.68780e-08	2.885e-29
1.69626e-08	2.928e-29
1.70476e-08	2.973e-29
1.71331e-08	3.017e-29
1.72189e-08	3.063e-29
1.73052e-08	3.109e-29
1.73920e-08	3.156e-29
1.74791e-08	3.204e-29
1.75667e-08	3.252e-29
1.76548e-08	3.302e-29
1.77433e-08	3.351e-29
1.78322e-08	3.402e-29
1.79216e-08	3.453e-29
1.80114e-08	3.506e-29
1.81017e-08	3.559e-29
1.81924e-08	3.612e-29
1.82836e-08	3.667e-29
1.83752e-08	3.722e-29
1.84673e-08	3.779e-29
1.85598e-08	3.836e-29
1.86529e-08	3.894e-29
1.87463e-08	3.953e-29
1.88403e-08	4.012e-29
1.89347e-08	4.073e-29
1.90296e-08	4.134e-29
1.91250e-08	4.197e-29
1.92208e-08	4.260e-29
1.93172e-08	4.325e-29
1.94140e-08	4.390e-29
1.95113e-08	4.456e-29
1.96091e-08	4.524e-29
1.97074e-08	4.592e-29
1.98061e-08	4.662e-29
1.99054e-08	4.732e-29
2.00052e-08	4.803e-29
2.01054e-08	4.876e-29
2.02062e-08	4.950e-29
2.03075e-08	5.025e-29
2.04092e-08	5.100e-29
2.05115e-08	5.178e-29
2.06143e-08	5.256e-29
2.07176e-08	5.335e-29
2.08215e-08	5.416e-29
2.09258e-08	5.498e-29
2.10307e-08	5.581e-29
2.11361e-08	5.665e-29
2.12420e-08	5.751e-29
2.13485e-08	5.838e-29
2.14555e-08	5.926e-29
2.15630e-08	6.015e-29
2.16711e-08	6.106e-29
2.17797e-08	6.198e-29
2.18889e-08	6.292e-29
2.19986e-08	6.387e-29
2.21088e-08	6.484e-29
2.22196e-08	6.582e-29
2.23310e-08	6.681e-29
2.24429e-08	6.782e-29
2.25554e-08	6.885e-29
2.26684e-08	6.989e-29
2.27820e-08	7.094e-29
2.28962e-08	7.201e-29
2.30110e-08	7.310e-29
2.31263e-08	7.421e-29
2.32422e-08	7.533e-29
2.33587e-08	7.647e-29
2.34758e-08	7.762e-29
2.35934e-08	7.880e-29
2.37117e-08	7.999e-29
2.38305e-08	8.119e-29
2.39499e-08	8.242e-29
2.40700e-08	8.367e-29
2.41906e-08	8.493e-29
2.43118e-08	8.622e-29
2.44337e-08	8.752e-29
2.45561e-08	8.884e-29
2.46792e-08	9.018e-29
2.48029e-08	9.155e-29
2.49272e-08	9.293e-29
2.50521e-08	9.433e-29
2.51777e-08	9.576e-29
2.53039e-08	9.721e-29
2.54307e-08	9.867e-29
2.55582e-08	1.002e-28
2.56862e-08	1.017e-28
2.58150e-08	1.032e-28
2.59444e-08	1.048e-28
2.60744e-08	1.064e-28
2.62051e-08	1.080e-28
2.63364e-08	1.096e-28
2.64684e-08	1.113e-28
2.66011e-08	1.129e-28
2.67344e-08	1.146e-28
2.68684e-08	1.164e-28
2.70030e-08	1.181e-28
2.71384e-08	1.199e-28
2.72744e-08	1.217e-28
2.74111e-08	1.236e-28
2.75485e-08	1.254e-28
2.76865e-08	1.273e-28
2.78253e-08	1.293e-28
2.79647e-08	1.312e-28
2.81049e-08	1.332e-28
2.82457e-08	1.352e-28
2.83873e-08	1.372e-28
2.85296e-08	1.393e-28
2.86726e-08	1.414e-28
2.88163e-08	1.436e-28
2.89607e-08	1.457e-28
2.91058e-08	1.479e-28
2.92517e-08	1.502e-28
2.93983e-08	1.524e-28
2.95457e-08	1.547e-28
2.96937e-08	1.571e-28
2.98426e-08	1.595e-28
2.99921e-08	1.619e-28
3.01424e-08	1.643e-28
3.02935e-08	1.668e-28
3.04453e-08	1.693e-28
3.05979e-08	1.719e-28
3.07513e-08	1.745e-28
3.09054e-08	1.771e-28
3.10603e-08	1.798e-28
3.12160e-08	1.825e-28
3.13724e-08	1.853e-28
3.15296e-08	1.881e-28
3.16877e-08	1.909e-28
3.18465e-08	1.938e-28
3.20061e-08	1.967e-28
3.21665e-08	1.997e-28
3.23277e-08	2.027e-28
3.24897e-08	2.058e-28
3.26526e-08	2.089e-28
3.28162e-08	2.120e-28
3.29807e-08	2.152e-28
3.31460e-08	2.185e-28
3.33121e-08	2.218e-28
3.34790e-08	2.251e-28
3.36468e-08	2.285e-28
3.38155e-08	2.320e-28
3.39849e-08	2.355e-28
3.41553e-08	2.391e-28
3.43265e-08	2.427e-28
3.44985e-08	2.463e-28
3.46714e-08	2.501e-28
3.48452e-08	2.538e-28
3.50198e-08	2.577e-28
3.51953e-08	2.616e-28
3.53717e-08	2.655e-28
3.55490e-08	2.695e-28
3.57271e-08	2.736e-28
3.59062e-08	2.777e-28
3.60862e-08	2.819e-28
3.62670e-08	2.862e-28
3.64488e-08	2.905e-28
3.66315e-08	2.949e-28
3.68150e-08	2.994e-28
3.69996e-08	3.039e-28
3.71850e-08	3.085e-28
3.73714e-08	3.131e-28
3.75587e-08	3.179e-28
3.77469e-08	3.227e-28
3.79361e-08	3.276e-28
3.81262e-08	3.325e-28
3.83173e-08	3.375e-28
3.85093e-08	3.426e-28
3.87023e-08	3.478e-28
3.88963e-08	3.531e-28
3.90912e-08	3.584e-28
3.92872e-08	3.638e-28
3.94841e-08	3.693e-28
3.96820e-08	3.749e-28
3.98808e-08	3.806e-28
4.00807e-08	3.863e-28
4.02816e-08	3.921e-28
4.04835e-08	3.981e-28
4.06864e-08	4.041e-28
4.08903e-08	4.102e-28
4.10952e-08	4.164e-28
4.13012e-08	4.227e-28
4.15082e-08	4.291e-28
4.17162e-08	4.356e-28
4.19253e-08	4.421e-28
4.21354e-08	4.488e-28
4.23466e-08	4.556e-28
4.25588e-08	4.625e-28
4.27721e-08	4.695e-28
4.29865e-08	4.766e-28
4.32019e-08	4.838e-28
4.34184e-08	4.911e-28
4.36360e-08	4.985e-28
4.38547e-08	5.060e-28
4.40745e-08	5.137e-28
4.42954e-08	5.214e-28
4.45174e-08	5.293e-28
4.47405e-08	5.373e-28
4.49648e-08	5.454e-28
4.51901e-08	5.537e-28
4.54166e-08	5.620e-28
4.56442e-08	5.705e-28
4.58730e-08	5.792e-28
4.61029e-08	5.879e-28
4.63340e-08	5.968e-28
4.65662e-08	6.058e-28
4.67996e-08	6.150e-28
4.70341e-08	6.243e-28
4.72698e-08	6.337e-28
4.75068e-08	6.433e-28
4.77448e-08	6.530e-28
4.79841e-08	6.629e-28
4.82246e-08	6.729e-28
4.84663e-08	6.830e-28
4.87092e-08	6.934e-28
4.89533e-08	7.038e-28
4.91987e-08	7.145e-28
4.94453e-08	7.253e-28
4.96931e-08	7.362e-28
4.99421e-08	7.474e-28
5.01924e-08	7.587e-28
5.04440e-08	7.701e-28
5.06968e-08	7.818e-28
5.09509e-08	7.936e-28
5.12062e-08	8.056e-28
5.14629e-08	8.177e-28
5.17208e-08	8.301e-28
5.19800e-08	8.426e-28
5.22405e-08	8.554e-28
5.25024e-08	8.683e-28
5.27655e-08	8.814e-28
5.30299e-08	8.947e-28
5.32957e-08	9.083e-28
5.35628e-08	9.220e-28
5.38313e-08	9.359e-28
5.41011e-08	9.501e-28
5.43722e-08	9.644e-28
5.46447e-08	9.790e-28
5.49186e-08	9.938e-28
5.51938e-08	1.009e-27
5.54705e-08	1.024e-27
5.57485e-08	1.040e-27
5.60279e-08	1.055e-27
5.63087e-08	1.071e-27
5.65909e-08	1.087e-27
5.68745e-08	1.104e-27
5.71596e-08	1.120e-27
5.74460e-08	1.137e-27
5.77339e-08	1.155e-27
5.80233e-08	1.172e-27
5.83141e-08	1.190e-27
5.86064e-08	1.208e-27
5.89001e-08	1.226e-27
5.91953e-08	1.244e-27
5.94920e-08	1.263e-27
5.97901e-08	1.282e-27
6.00898e-08	1.302e-27
6.03909e-08	1.321e-27
6.06936e-08	1.341e-27
6.09978e-08	1.362e-27
6.13035e-08	1.382e-27
6.16107e-08	1.403e-27
6.19195e-08	1.424e-27
6.22299e-08	1.446e-27
6.25417e-08	1.468e-27
6.28552e-08	1.490e-27
6.31702e-08	1.512e-27
6.34868e-08	1.535e-27
6.38050e-08	1.558e-27
6.41248e-08	1.582e-27
6.44462e-08	1.606e-27
6.47692e-08	1.630e-27
6.50938e-08	1.655e-27
6.54200e-08	1.680e-27
6.57479e-08	1.705e-27
6.60774e-08	1.731e-27
6.64086e-08	1.757e-27
6.67414e-08	1.784e-27
6.70759e-08	1.811e-27
6.74121e-08	1.838e-27
6.77499e-08	1.866e-27
6.80895e-08	1.894e-27
6.84307e-08	1.923e-27
6.87737e-08	1.952e-27
6.91184e-08	1.981e-27
6.94648e-08	2.011e-27
6.98129e-08	2.041e-27
7.01628e-08	2.072e-27
7.05145e-08	2.104e-27
7.08679e-08	2.135e-27
7.12230e-08	2.168e-27
7.15800e-08	2.200e-27
7.19388e-08	2.234e-27
7.22993e-08	2.267e-27
7.26617e-08	2.302e-27
7.30258e-08	2.336e-27
7.33918e-08	2.372e-27
7.37596e-08	2.408e-27
7.41293e-08	2.444e-27
7.45008e-08	2.481e-27
7.48742e-08	2.518e-27
7.52495e-08	2.556e-27
7.56266e-08	2.595e-27
7.60056e-08	2.634e-27
7.63866e-08	2.674e-27
7.67694e-08	2.715e-27
7.71542e-08	2.756e-27
7.75409e-08	2.797e-27
7.79295e-08	2.839e-27
7.83200e-08	2.882e-27
7.87126e-08	2.926e-27
7.91071e-08	2.970e-27
7.95035e-08	3.015e-27
7.99020e-08	3.061e-27
8.03024e-08	3.107e-27
8.07049e-08	3.154e-27
8.11094e-08	3.201e-27
8.15159e-08	3.250e-27
8.19244e-08	3.299e-27
8.23350e-08	3.349e-27
8.27477e-08	3.399e-27
8.31624e-08	3.451e-27
8.35792e-08	3.503e-27
8.39981e-08	3.556e-27
8.44191e-08	3.610e-27
8.48422e-08	3.664e-27
8.52674e-08	3.719e-27
8.56947e-08	3.776e-27
8.61242e-08	3.833e-27
8.65559e-08	3.891e-27
8.69897e-08	3.949e-27
8.74256e-08	4.009e-27
8.78638e-08	4.070e-27
8.83042e-08	4.131e-27
8.87467e-08	4.194e-27
8.91915e-08	4.257e-27
8.96385e-08	4.321e-27
9.00878e-08	4.387e-27
9.05393e-08	4.453e-27
9.09930e-08	4.520e-27
9.14491e-08	4.588e-27
9.19074e-08	4.658e-27
9.23680e-08	4.728e-27
9.28310e-08	4.800e-27
9.32962e-08	4.872e-27
9.37638e-08	4.946e-27
9.42337e-08	5.021e-27
9.47060e-08	5.096e-27
9.51807e-08	5.173e-27
9.56577e-08	5.252e-27
9.61371e-08	5.331e-27
9.66189e-08	5.411e-27
9.71032e-08	5.493e-27
9.75898e-08	5.576e-27
9.80790e-08	5.661e-27
9.85705e-08	5.746e-27
9.90645e-08	5.833e-27
9.95610e-08	5.921e-27
1.00060e-07	6.010e-27
1.00561e-07	6.101e-27
1.01065e-07	6.194e-27
1.01572e-07	6.287e-27
1.02081e-07	6.382e-27
1.02593e-07	6.479e-27
1.03107e-07	6.576e-27
1.03624e-07	6.676e-27
1.04143e-07	6.777e-27
1.04665e-07	6.879e-27
1.05189e-07	6.983e-27
1.05717e-07	7.089e-27
1.06247e-07	7.196e-27
1.06779e-07	7.304e-27
1.07314e-07	7.415e-27
1.07852e-07	7.527e-27
1.08393e-07	7.641e-27
1.08936e-07	7.756e-27
1.09482e-07	7.873e-27
1.10030e-07	7.992e-27
1.10582e-07	8.113e-27
1.11136e-07	8.236e-27
1.11693e-07	8.360e-27
1.12253e-07	8.486e-27
1.12815e-07	8.615e-27
1.13381e-07	8.745e-27
1.13949e-07	8.877e-27
1.14520e-07	9.011e-27
1.15094e-07	9.147e-27
1.15671e-07	9.285e-27
1.16251e-07	9.426e-27
1.16833e-07	9.568e-27
1.17419e-07	9.713e-27
1.18007e-07	9.860e-27
1.18599e-07	1.001e-26
1.19193e-07	1.016e-26
1.19791e-07	1.031e-26
1.20391e-07	1.047e-26
1.20994e-07	1.063e-26
1.21601e-07	1.079e-26
1.22210e-07	1.095e-26
1.22823e-07	1.112e-26
1.23438e-07	1.128e-26
1.24057e-07	1.145e-26
1.24679e-07	1.163e-26
1.25304e-07	1.180e-26
1.25932e-07	1.198e-26
1.26563e-07	1.216e-26
1.27197e-07	1.235e-26
1.27835e-07	1.253e-26
1.28475e-07	1.272e-26
1.29119e-07	1.292e-26
1.29766e-07	1.311e-26
1.30417e-07	1.331e-26
1.31070e-07	1.351e-26
1.31727e-07	1.371e-26
1.32387e-07	1.392e-26
1.33051e-07	1.413e-26
1.33718e-07	1.434e-26
1.34388e-07	1.456e-26
1.35061e-07	1.478e-26
1.35738e-07	1.501e-26
1.36419e-07	1.523e-26
1.37102e-07	1.546e-26
1.37789e-07	1.570e-26
1.38480e-07	1.593e-26
1.39174e-07	1.617e-26
1.39872e-07	1.642e-26
1.40573e-07	1.667e-26
1.41277e-07	1.692e-26
1.41985e-07	1.717e-26
1.42697e-07	1.743e-26
1.43412e-07	1.770e-26
1.44131e-07	1.796e-26
1.44853e-07	1.824e-26
1.45579e-07	1.851e-26
1.46309e-07	1.879e-26
1.47042e-07	1.907e-26
1.47779e-07	1.936e-26
1.48519e-07	1.966e-26
1.49264e-07	1.995e-26
1.50012e-07	2.025e-26
1.50764e-07	2.056e-26
1.51519e-07	2.087e-26
1.52279e-07	2.119e-26
1.53042e-07	2.151e-26
1.53809e-07	2.183e-26
1.54580e-07	2.216e-26
1.55355e-07	2.250e-26
1.56133e-07	2.284e-26
1.56916e-07	2.318e-26
1.57702e-07	2.353e-26
1.58492e-07	2.389e-26
1.59287e-07	2.425e-26
1.60085e-07	2.461e-26
1.60887e-07	2.499e-26
1.61694e-07	2.536e-26
1.62504e-07	2.575e-26
1.63319e-07	2.614e-26
1.64137e-07	2.653e-26
1.64960e-07	2.693e-26
1.65787e-07	2.734e-26
1.66617e-07	2.775e-26
1.67452e-07	2.817e-26
1.68292e-07	2.860e-26
1.69135e-07	2.903e-26
1.69983e-07	2.947e-26
1.70835e-07	2.991e-26
1.71691e-07	3.036e-26
1.72551e-07	3.082e-26
1.73416e-07	3.129e-26
1.74285e-07	3.176e-26
1.75159e-07	3.224e-26
1.76037e-07	3.273e-26
1.76919e-07	3.322e-26
1.77806e-07	3.373e-26
1.78697e-07	3.424e-26
1.79592e-07	3.475e-26
1.80493e-07	3.528e-26
1.81397e-07	3.581e-26
1.82306e-07	3.635e-26
1.83220e-07	3.690e-26
1.84138e-07	3.746e-26
1.85061e-07	3.803e-26
1.85989e-07	3.860e-26
1.86921e-07	3.918e-26
1.87858e-07	3.978e-26
1.88799e-07	4.038e-26
1.89745e-07	4.099e-26
1.90696e-07	4.161e-26
1.91652e-07	4.223e-26
1.92613e-07	4.287e-26
1.93578e-07	4.352e-26
1.94548e-07	4.418e-26
1.95523e-07	4.485e-26
1.96503e-07	4.552e-26
1.97488e-07	4.621e-26
1.98478e-07	4.691e-26
1.99472e-07	4.762e-26
2.00472e-07	4.834e-26
2.01477e-07	4.907e-26
2.02487e-07	4.981e-26
2.03501e-07	5.056e-26
2.04521e-07	5.133e-26
2.05546e-07	5.210e-26
2.06577e-07	5.289e-26
2.07612e-07	5.369e-26
2.08652e-07	5.450e-26
2.09698e-07	5.532e-26
2.10749e-07	5.616e-26
2.11805e-07	5.701e-26
2.12867e-07	5.787e-26
2.13934e-07	5.874e-26
2.15006e-07	5.963e-26
2.16083e-07	6.053e-26
2.17166e-07	6.145e-26
2.18255e-07	6.238e-26
2.19349e-07	6.332e-26
2.20448e-07	6.428e-26
2.21553e-07	6.525e-26
2.22663e-07	6.623e-26
2.23779e-07	6.723e-26
2.24901e-07	6.825e-26
2.26028e-07	6.928e-26
2.27161e-07	7.033e-26
2.28299e-07	7.139e-26
2.29443e-07	7.247e-26
2.30593e-07	7.356e-26
2.31749e-07	7.468e-26
2.32911e-07	7.580e-26
2.34078e-07	7.695e-26
2.35251e-07	7.811e-26
2.36430e-07	7.929e-26
2.37615e-07	8.049e-26
2.38806e-07	8.171e-26
2.40003e-07	8.294e-26
2.41206e-07	8.420e-26
2.42415e-07	8.547e-26
2.43629e-07	8.676e-26
2.44850e-07	8.807e-26
2.46078e-07	8.940e-26
2.47311e-07	9.075e-26
2.48550e-07	9.212e-26
2.49796e-07	9.352e-26
2.51048e-07	9.493e-26
2.52306e-07	9.636e-26
2.53571e-07	9.782e-26
2.54842e-07	9.930e-26
2.56119e-07	1.008e-25
2.57402e-07	1.023e-25
2.58693e-07	1.039e-25
2.59989e-07	1.054e-25
2.61292e-07	1.070e-25
2.62602e-07	1.086e-25
2.63918e-07	1.103e-25
2.65240e-07	1.120e-25
2.66570e-07	1.136e-25
2.67906e-07	1.154e-25
2.69249e-07	1.171e-25
2.70598e-07	1.189e-25
2.71954e-07	1.207e-25
2.73317e-07	1.225e-25
2.74687e-07	1.243e-25
2.76064e-07	1.262e-25
2.77447e-07	1.281e-25
2.78838e-07	1.301e-25
2.80235e-07	1.320e-25
2.81640e-07	1.340e-25
2.83051e-07	1.361e-25
2.84470e-07	1.381e-25
2.85896e-07	1.402e-25
2.87328e-07	1.423e-25
2.88768e-07	1.445e-25
2.90216e-07	1.467e-25
2.91670e-07	1.489e-25
2.93132e-07	1.511e-25
2.94601e-07	1.534e-25
2.96078e-07	1.557e-25
2.97562e-07	1.581e-25
2.99053e-07	1.605e-25
3.00552e-07	1.629e-25
3.02058e-07	1.653e-25
3.03572e-07	1.678e-25
3.05093e-07	1.704e-25
3.06622e-07	1.730e-25
3.08159e-07	1.756e-25
3.09704e-07	1.782e-25
3.11256e-07	1.809e-25
3.12816e-07	1.837e-25
3.14384e-07	1.864e-25
3.15959e-07	1.892e-25
3.17543e-07	1.921e-25
3.19134e-07	1.950e-25
3.20734e-07	1.980e-25
3.22341e-07	2.009e-25
3.23957e-07	2.040e-25
3.25580e-07	2.071e-25
3.27212e-07	2.102e-25
3.28852e-07	2.134e-25
3.30500e-07	2.166e-25
3.32156e-07	2.199e-25
3.33821e-07	2.232e-25
3.35494e-07	2.266e-25
3.37176e-07	2.300e-25
3.38866e-07	2.335e-25
3.40564e-07	2.370e-25
3.42271e-07	2.406e-25
3.43986e-07	2.442e-25
3.45710e-07	2.479e-25
3.47443e-07	2.516e-25
3.49184e-07	2.554e-25
3.50934e-07	2.593e-25
3.52693e-07	2.632e-25
3.54461e-07	2.672e-25
3.56237e-07	2.712e-25
3.58023e-07	2.753e-25
3.59817e-07	2.795e-25
3.61620e-07	2.837e-25
3.63433e-07	2.880e-25
3.65254e-07	2.924e-25
3.67085e-07	2.968e-25
3.68924e-07	3.013e-25
3.70773e-07	3.058e-25
3.72632e-07	3.104e-25
3.74499e-07	3.151e-25
3.76376e-07	3.199e-25
3.78262e-07	3.247e-25
3.80158e-07	3.296e-25
3.82064e-07	3.346e-25
3.83978e-07	3.397e-25
3.85903e-07	3.448e-25
3.87837e-07	3.500e-25
3.89781e-07	3.553e-25
3.91734e-07	3.607e-25
3.93698e-07	3.661e-25
3.95671e-07	3.716e-25
3.97654e-07	3.773e-25
3.99647e-07	3.830e-25
4.01650e-07	3.888e-25
4.03663e-07	3.946e-25
4.05686e-07	4.006e-25
4.07719e-07	4.066e-25
4.09762e-07	4.128e-25
4.11816e-07	4.190e-25
4.13880e-07	4.254e-25
4.15954e-07	4.318e-25
4.18039e-07	4.383e-25
4.20134e-07	4.449e-25
4.22240e-07	4.517e-25
4.24356e-07	4.585e-25
4.26483e-07	4.654e-25
4.28620e-07	4.724e-25
4.30768e-07	4.796e-25
4.32927e-07	4.868e-25
4.35097e-07	4.942e-25
4.37278e-07	5.017e-25
4.39469e-07	5.092e-25
4.41672e-07	5.169e-25
4.43885e-07	5.247e-25
4.46110e-07	5.327e-25
4.48346e-07	5.407e-25
4.50593e-07	5.489e-25
4.52851e-07	5.572e-25
4.55121e-07	5.656e-25
4.57402e-07	5.741e-25
4.59694e-07	5.828e-25
4.61998e-07	5.916e-25
4.64314e-07	6.006e-25
4.66641e-07	6.096e-25
4.68979e-07	6.189e-25
4.71330e-07	6.282e-25
4.73692e-07	6.377e-25
4.76066e-07	6.473e-25
4.78452e-07	6.571e-25
4.80850e-07	6.670e-25
4.83260e-07	6.771e-25
4.85682e-07	6.874e-25
4.88116e-07	6.977e-25
4.90563e-07	7.083e-25
4.93021e-07	7.190e-25
4.95492e-07	7.299e-25
4.97975e-07	7.409e-25
5.00471e-07	7.521e-25
5.02980e-07	7.634e-25
5.05500e-07	7.750e-25
5.08034e-07	7.867e-25
5.10580e-07	7.986e-25
5.13139e-07	8.107e-25
5.15711e-07	8.229e-25
5.18295e-07	8.353e-25
5.20893e-07	8.480e-25
5.23504e-07	8.608e-25
5.26127e-07	8.738e-25
5.28764e-07	8.870e-25
5.31414e-07	9.004e-25
5.34078e-07	9.140e-25
5.36754e-07	9.278e-25
5.39444e-07	9.418e-25
5.42148e-07	9.561e-25
5.44865e-07	9.705e-25
5.47596e-07	9.852e-25
5.50340e-07	1.000e-24
5.53099e-07	1.015e-24
5.55871e-07	1.031e-24
5.58657e-07	1.046e-24
5.61457e-07	1.062e-24
5.64271e-07	1.078e-24
5.67099e-07	1.094e-24
5.69941e-07	1.111e-24
5.72797e-07	1.128e-24
5.75668e-07	1.145e-24
5.78553e-07	1.162e-24
5.81453e-07	1.179e-24
5.84367e-07	1.197e-24
5.87296e-07	1.215e-24
5.90239e-07	1.234e-24
5.93197e-07	1.252e-24
5.96170e-07	1.271e-24
5.99158e-07	1.290e-24
6.02161e-07	1.310e-24
6.05179e-07	1.330e-24
6.08212e-07	1.350e-24
6.11260e-07	1.370e-24
6.14324e-07	1.391e-24
6.17403e-07	1.412e-24
6.20497e-07	1.433e-24
6.23607e-07	1.455e-24
6.26732e-07	1.477e-24
6.29873e-07	1.499e-24
6.33030e-07	1.522e-24
6.36203e-07	1.545e-24
6.39391e-07	1.568e-24
6.42596e-07	1.592e-24
6.45816e-07	1.616e-24
6.49053e-07	1.640e-24
6.52306e-07	1.665e-24
6.55575e-07	1.690e-24
6.58861e-07	1.716e-24
6.62163e-07	1.742e-24
6.65482e-07	1.768e-24
6.68817e-07	1.795e-24
6.72169e-07	1.822e-24
6.75538e-07	1.850e-24
6.78924e-07	1.878e-24
6.82326e-07	1.906e-24
6.85746e-07	1.935e-24
6.89183e-07	1.964e-24
6.92637e-07	1.994e-24
6.96108e-07	2.024e-24
6.99597e-07	2.054e-24
7.03103e-07	2.085e-24
7.06627e-07	2.117e-24
7.10169e-07	2.149e-24
7.13728e-07	2.181e-24
7.17305e-07	2.214e-24
7.20900e-07	2.248e-24
7.24513e-07	2.282e-24
7.28144e-07	2.316e-24
7.31793e-07	2.351e-24
7.35461e-07	2.387e-24
7.39147e-07	2.423e-24
7.42852e-07	2.459e-24
7.46575e-07	2.497e-24
7.50316e-07	2.534e-24
7.54077e-07	2.573e-24
7.57856e-07	2.611e-24
7.61654e-07	2.651e-24
7.65472e-07	2.691e-24
7.69308e-07	2.732e-24
7.73164e-07	2.773e-24
7.77039e-07	2.815e-24
7.80933e-07	2.857e-24
7.84847e-07	2.901e-24
7.88780e-07	2.944e-24
7.92734e-07	2.989e-24
7.96707e-07	3.034e-24
8.00700e-07	3.080e-24
8.04713e-07	3.126e-24
8.08746e-07	3.174e-24
8.12799e-07	3.222e-24
8.16873e-07	3.270e-24
8.20967e-07	3.320e-24
8.25081e-07	3.370e-24
8.29216e-07	3.421e-24
8.33372e-07	3.473e-24
8.37549e-07	3.525e-24
8.41747e-07	3.578e-24
8.45965e-07	3.632e-24
8.50205e-07	3.687e-24
8.54466e-07	3.743e-24
8.58749e-07	3.800e-24
8.63053e-07	3.857e-24
8.67378e-07	3.915e-24
8.71725e-07	3.974e-24
8.76094e-07	4.034e-24
8.80485e-07	4.095e-24
8.84898e-07	4.157e-24
8.89333e-07	4.220e-24
8.93790e-07	4.284e-24
8.98270e-07	4.349e-24
9.02772e-07	4.414e-24
9.07296e-07	4.481e-24
9.11843e-07	4.549e-24
9.16413e-07	4.617e-24
9.21006e-07	4.687e-24
9.25622e-07	4.758e-24
9.30261e-07	4.830e-24
9.34924e-07	4.903e-24
9.39609e-07	4.977e-24
9.44318e-07	5.052e-24
9.49051e-07	5.129e-24
9.53808e-07	5.206e-24
9.58588e-07	5.285e-24
9.63392e-07	5.365e-24
9.68221e-07	5.446e-24
9.73073e-07	5.528e-24
9.77950e-07	5.612e-24
9.82851e-07	5.696e-24
9.87777e-07	5.782e-24
9.92728e-07	5.870e-24
9.97703e-07	5.958e-24
1.00270e-06	6.048e-24
1.00773e-06	6.140e-24
1.01278e-06	6.233e-24
1.01786e-06	6.327e-24
1.02296e-06	6.422e-24
1.02808e-06	6.520e-24
1.03324e-06	6.618e-24
1.03841e-06	6.718e-24
1.04362e-06	6.820e-24
1.04885e-06	6.923e-24
1.05411e-06	7.027e-24
1.05939e-06	7.133e-24
1.06470e-06	7.241e-24
1.07003e-06	7.351e-24
1.07540e-06	7.462e-24
1.08079e-06	7.574e-24
1.08620e-06	7.689e-24
1.09165e-06	7.805e-24
1.09712e-06	7.923e-24
1.10262e-06	8.043e-24
1.10814e-06	8.164e-24
1.11370e-06	8.288e-24
1.11928e-06	8.413e-24
1.12489e-06	8.540e-24
1.13053e-06	8.669e-24
1.13619e-06	8.800e-24
1.14189e-06	8.933e-24
1.14761e-06	9.068e-24
1.15336e-06	9.205e-24
1.15914e-06	9.344e-24
1.16495e-06	9.485e-24
1.17079e-06	9.629e-24
1.17666e-06	9.774e-24
1.18256e-06	9.922e-24
1.18848e-06	1.007e-23
1.19444e-06	1.022e-23
1.20042e-06	1.038e-23
1.20644e-06	1.054e-23
1.21249e-06	1.069e-23
1.21856e-06	1.086e-23
1.22467e-06	1.102e-23
1.23081e-06	1.119e-23
1.23698e-06	1.136e-23
1.24318e-06	1.153e-23
1.24941e-06	1.170e-23
1.25567e-06	1.188e-23
1.26196e-06	1.206e-23
1.26829e-06	1.224e-23
1.27464e-06	1.242e-23
1.28103e-06	1.261e-23
1.28745e-06	1.280e-23
1.29391e-06	1.300e-23
1.30039e-06	1.319e-23
1.30691e-06	1.339e-23
1.31346e-06	1.359e-23
1.32004e-06	1.380e-23
1.32666e-06	1.401e-23
1.33331e-06	1.422e-23
1.33999e-06	1.444e-23
1.34670e-06	1.465e-23
1.35345e-06	1.488e-23
1.36024e-06	1.510e-23
1.36705e-06	1.533e-23
1.37390e-06	1.556e-23
1.38079e-06	1.579e-23
1.38771e-06	1.603e-23
1.39467e-06	1.628e-23
1.40166e-06	1.652e-23
1.40868e-06	1.677e-23
1.41574e-06	1.702e-23
1.42284e-06	1.728e-23
1.42997e-06	1.754e-23
1.43713e-06	1.781e-23
1.44434e-06	1.808e-23
1.45158e-06	1.835e-23
1.45885e-06	1.863e-23
1.46616e-06	1.891e-23
1.47351e-06	1.920e-23
1.48089e-06	1.949e-23
1.48832e-06	1.978e-23
1.49578e-06	2.008e-23
1.50327e-06	2.038e-23
1.51081e-06	2.069e-23
1.51838e-06	2.100e-23
1.52599e-06	2.132e-23
1.53364e-06	2.164e-23
1.54132e-06	2.197e-23
1.54905e-06	2.230e-23
1.55681e-06	2.264e-23
1.56461e-06	2.298e-23
1.57246e-06	2.333e-23
1.58034e-06	2.368e-23
1.58826e-06	2.404e-23
1.59622e-06	2.440e-23
1.60422e-06	2.477e-23
1.61226e-06	2.514e-23
1.62034e-06	2.552e-23
1.62846e-06	2.591e-23
1.63662e-06	2.630e-23
1.64482e-06	2.670e-23
1.65307e-06	2.710e-23
1.66135e-06	2.751e-23
1.66968e-06	2.793e-23
1.67805e-06	2.835e-23
1.68646e-06	2.878e-23
1.69491e-06	2.921e-23
1.70340e-06	2.965e-23
1.71194e-06	3.010e-23
1.72052e-06	3.056e-23
1.72914e-06	3.102e-23
1.73781e-06	3.149e-23
1.74652e-06	3.196e-23
1.75527e-06	3.245e-23
1.76407e-06	3.294e-23
1.77291e-06	3.343e-23
1.78180e-06	3.394e-23
1.79073e-06	3.445e-23
1.79970e-06	3.497e-23
1.80872e-06	3.550e-23
1.81778e-06	3.604e-23
1.82690e-06	3.658e-23
1.83605e-06	3.714e-23
1.84525e-06	3.770e-23
1.85450e-06	3.827e-23
1.86380e-06	3.884e-23
1.87314e-06	3.943e-23
1.88252e-06	4.003e-23
1.89196e-06	4.063e-23
1.90144e-06	4.125e-23
1.91097e-06	4.187e-23
1.92055e-06	4.250e-23
1.93017e-06	4.314e-23
1.93985e-06	4.380e-23
1.94957e-06	4.446e-23
1.95934e-06	4.513e-23
1.96916e-06	4.581e-23
1.97903e-06	4.650e-23
1.98895e-06	4.721e-23
1.99892e-06	4.792e-23
2.00894e-06	4.864e-23
2.01900e-06	4.938e-23
2.02912e-06	5.012e-23
2.03929e-06	5.088e-23
2.04951e-06	5.165e-23
2.05978e-06	5.243e-23
2.07011e-06	5.322e-23
2.08048e-06	5.403e-23
2.09091e-06	5.484e-23
2.10139e-06	5.567e-23
2.11192e-06	5.651e-23
2.12251e-06	5.737e-23
2.13314e-06	5.824e-23
2.14383e-06	5.912e-23
2.15458e-06	6.001e-23
2.16538e-06	6.092e-23
2.17623e-06	6.184e-23
2.18714e-06	6.277e-23
2.19810e-06	6.372e-23
2.20912e-06	6.468e-23
2.22019e-06	6.566e-23
2.23131e-06	6.665e-23
2.24250e-06	6.766e-23
2.25374e-06	6.868e-23
2.26503e-06	6.972e-23
2.27638e-06	7.077e-23
2.28779e-06	7.184e-23
2.29926e-06	7.293e-23
2.31078e-06	7.403e-23
2.32236e-06	7.515e-23
2.33400e-06	7.628e-23
2.34570e-06	7.744e-23
2.35746e-06	7.861e-23
2.36927e-06	7.979e-23
2.38115e-06	8.100e-23
2.39308e-06	8.222e-23
2.40507e-06	8.347e-23
2.41713e-06	8.473e-23
2.42924e-06	8.601e-23
2.44142e-06	8.731e-23
2.45365e-06	8.863e-23
2.46595e-06	8.997e-23
2.47831e-06	9.133e-23
2.49073e-06	9.271e-23
2.50321e-06	9.411e-23
2.51576e-06	9.553e-23
2.52837e-06	9.697e-23
2.54104e-06	9.844e-23
2.55377e-06	9.993e-23
2.56657e-06	1.014e-22
2.57944e-06	1.030e-22
2.59236e-06	1.045e-22
2.60536e-06	1.061e-22
2.61841e-06	1.077e-22
2.63154e-06	1.093e-22
2.64473e-06	1.110e-22
2.65798e-06	1.127e-22
2.67130e-06	1.144e-22
2.68469e-06	1.161e-22
2.69815e-06	1.178e-22
2.71167e-06	1.196e-22
2.72526e-06	1.214e-22
2.73892e-06	1.233e-22
2.75264e-06	1.251e-22
2.76644e-06	1.270e-22
2.78030e-06	1.289e-22
2.79424e-06	1.309e-22
2.80824e-06	1.329e-22
2.82232e-06	1.349e-22
2.83646e-06	1.369e-22
2.85068e-06	1.390e-22
2.86497e-06	1.411e-22
2.87932e-06	1.432e-22
2.89376e-06	1.454e-22
2.90826e-06	1.476e-22
2.92283e-06	1.498e-22
2.93748e-06	1.521e-22
2.95221e-06	1.544e-22
2.96700e-06	1.567e-22
2.98187e-06	1.591e-22
2.99682e-06	1.615e-22
3.01184e-06	1.639e-22
3.02693e-06	1.664e-22
3.04210e-06	1.689e-22
3.05735e-06	1.715e-22
3.07267e-06	1.741e-22
3.08807e-06	1.767e-22
3.10355e-06	1.794e-22
3.11910e-06	1.821e-22
3.13473e-06	1.848e-22
3.15044e-06	1.876e-22
3.16623e-06	1.904e-22
3.18210e-06	1.933e-22
3.19805e-06	1.962e-22
3.21408e-06	1.992e-22
3.23019e-06	2.022e-22
3.24638e-06	2.053e-22
3.26265e-06	2.084e-22
3.27900e-06	2.115e-22
3.29543e-06	2.147e-22
3.31195e-06	2.180e-22
3.32855e-06	2.213e-22
3.34523e-06	2.246e-22
3.36200e-06	2.280e-22
3.37885e-06	2.314e-22
3.39578e-06	2.349e-22
3.41280e-06	2.385e-22
3.42990e-06	2.421e-22
3.44709e-06	2.457e-22
3.46437e-06	2.495e-22
3.48173e-06	2.532e-22
3.49918e-06	2.571e-22
3.51672e-06	2.609e-22
3.53434e-06	2.649e-22
3.55206e-06	2.689e-22
3.56986e-06	2.729e-22
3.58775e-06	2.771e-22
3.60573e-06	2.813e-22
3.62380e-06	2.855e-22
3.64197e-06	2.898e-22
3.66022e-06	2.942e-22
3.67856e-06	2.987e-22
3.69700e-06	3.032e-22
3.71553e-06	3.077e-22
3.73415e-06	3.124e-22
3.75287e-06	3.171e-22
3.77167e-06	3.219e-22
3.79058e-06	3.268e-22
3.80957e-06	3.317e-22
3.82867e-06	3.367e-22
3.84786e-06	3.418e-22
3.86714e-06	3.470e-22
3.88652e-06	3.522e-22
3.90600e-06	3.575e-22
3.92558e-06	3.629e-22
3.94525e-06	3.684e-22
3.96502e-06	3.740e-22
3.98490e-06	3.796e-22
4.00487e-06	3.854e-22
4.02494e-06	3.912e-22
4.04511e-06	3.971e-22
4.06539e-06	4.031e-22
4.08576e-06	4.092e-22
4.10624e-06	4.154e-22
4.12682e-06	4.217e-22
4.14750e-06	4.280e-22
4.16829e-06	4.345e-22
4.18918e-06	4.411e-22
4.21017e-06	4.477e-22
4.23127e-06	4.545e-22
4.25248e-06	4.614e-22
4.27379e-06	4.683e-22
4.29521e-06	4.754e-22
4.31674e-06	4.826e-22
4.33837e-06	4.899e-22
4.36012e-06	4.973e-22
4.38197e-06	5.048e-22
4.40393e-06	5.124e-22
4.42600e-06	5.202e-22
4.44819e-06	5.281e-22
4.47048e-06	5.360e-22
4.49289e-06	5.441e-22
4.51540e-06	5.524e-22
4.53803e-06	5.607e-22
4.56078e-06	5.692e-22
4.58363e-06	5.778e-22
4.60661e-06	5.865e-22
4.62969e-06	5.954e-22
4.65290e-06	6.044e-22
4.67622e-06	6.135e-22
4.69965e-06	6.228e-22
4.72321e-06	6.322e-22
4.74688e-06	6.417e-22
4.77067e-06	6.514e-22
4.79458e-06	6.613e-22
4.81861e-06	6.713e-22
4.84276e-06	6.814e-22
4.86703e-06	6.917e-22
4.89142e-06	7.022e-22
4.91594e-06	7.128e-22
4.94058e-06	7.235e-22
4.96534e-06	7.345e-22
4.99022e-06	7.456e-22
5.01523e-06	7.568e-22
5.04037e-06	7.683e-22
5.06563e-06	7.799e-22
5.09102e-06	7.917e-22
5.11653e-06	8.036e-22
5.14218e-06	8.158e-22
5.16795e-06	8.281e-22
5.19385e-06	8.406e-22
5.21988e-06	8.533e-22
5.24604e-06	8.662e-22
5.27233e-06	8.793e-22
5.29876e-06	8.926e-22
5.32531e-06	9.061e-22
5.35200e-06	9.198e-22
5.37883e-06	9.337e-22
5.40579e-06	9.478e-22
5.43288e-06	9.621e-22
5.46011e-06	9.766e-22
5.48747e-06	9.914e-22
5.51497e-06	1.006e-21
5.54261e-06	1.022e-21
5.57039e-06	1.037e-21
5.59831e-06	1.053e-21
5.62637e-06	1.069e-21
5.65457e-06	1.085e-21
5.68291e-06	1.101e-21
5.71139e-06	1.118e-21
5.74001e-06	1.135e-21
5.76878e-06	1.152e-21
5.79769e-06	1.169e-21
5.82675e-06	1.187e-21
5.85595e-06	1.205e-21
5.88530e-06	1.223e-21
5.91480e-06	1.242e-21
5.94444e-06	1.260e-21
5.97424e-06	1.279e-21
6.00418e-06	1.299e-21
6.03427e-06	1.318e-21
6.06451e-06	1.338e-21
6.09491e-06	1.358e-21
6.12545e-06	1.379e-21
6.15615e-06	1.400e-21
6.18701e-06	1.421e-21
6.21801e-06	1.442e-21
6.24918e-06	1.464e-21
6.28050e-06	1.486e-21
6.31197e-06	1.509e-21
6.34361e-06	1.532e-21
6.37540e-06	1.555e-21
6.40735e-06	1.578e-21
6.43947e-06	1.602e-21
6.47174e-06	1.626e-21
6.50418e-06	1.651e-21
6.53677e-06	1.676e-21
6.56954e-06	1.701e-21
6.60246e-06	1.727e-21
6.63555e-06	1.753e-21
6.66881e-06	1.779e-21
6.70223e-06	1.806e-21
6.73582e-06	1.834e-21
6.76958e-06	1.861e-21
6.80351e-06	1.889e-21
6.83761e-06	1.918e-21
6.87188e-06	1.947e-21
6.90632e-06	1.976e-21
6.94093e-06	2.006e-21
6.97572e-06	2.037e-21
7.01068e-06	2.067e-21
7.04581e-06	2.099e-21
7.08113e-06	2.130e-21
7.11662e-06	2.162e-21
7.15228e-06	2.195e-21
7.18813e-06	2.228e-21
7.22415e-06	2.262e-21
7.26036e-06	2.296e-21
7.29675e-06	2.331e-21
7.33332e-06	2.366e-21
7.37007e-06	2.402e-21
7.40701e-06	2.438e-21
7.44413e-06	2.475e-21
7.48144e-06	2.512e-21
7.51894e-06	2.550e-21
7.55662e-06	2.589e-21
7.59449e-06	2.628e-21
7.63256e-06	2.668e-21
7.67081e-06	2.708e-21
7.70925e-06	2.749e-21
7.74789e-06	2.790e-21
7.78672e-06	2.833e-21
7.82575e-06	2.875e-21
7.86497e-06	2.919e-21
7.90439e-06	2.963e-21
7.94400e-06	3.008e-21
7.98382e-06	3.053e-21
8.02383e-06	3.099e-21
8.06404e-06	3.146e-21
8.10446e-06	3.194e-21
8.14508e-06	3.242e-21
8.18590e-06	3.291e-21
8.22693e-06	3.341e-21
8.26816e-06	3.391e-21
8.30960e-06	3.442e-21
8.35124e-06	3.494e-21
8.39310e-06	3.547e-21
8.43516e-06	3.601e-21
8.47744e-06	3.655e-21
8.51993e-06	3.711e-21
8.56263e-06	3.767e-21
8.60554e-06	3.824e-21
8.64867e-06	3.881e-21
8.69202e-06	3.940e-21
8.73558e-06	3.999e-21
8.77936e-06	4.060e-21
8.82336e-06	4.121e-21
8.86758e-06	4.184e-21
8.91202e-06	4.247e-21
8.95669e-06	4.311e-21
9.00158e-06	4.376e-21
9.04669e-06	4.442e-21
9.09203e-06	4.509e-21
9.13760e-06	4.577e-21
9.18340e-06	4.647e-21
9.22942e-06	4.717e-21
9.27568e-06	4.788e-21
9.32217e-06	4.860e-21
9.36889e-06	4.934e-21
9.41584e-06	5.008e-21
9.46304e-06	5.084e-21
9.51046e-06	5.161e-21
9.55813e-06	5.239e-21
9.60603e-06	5.318e-21
9.65418e-06	5.399e-21
9.70256e-06	5.480e-21
9.75119e-06	5.563e-21
9.80006e-06	5.647e-21
9.84918e-06	5.732e-21
9.89854e-06	5.819e-21
9.94815e-06	5.907e-21
9.99801e-06	5.996e-21
1.00481e-05	6.087e-21
1.00985e-05	6.179e-21
1.01491e-05	6.272e-21
1.02000e-05	6.367e-21
1.02511e-05	6.463e-21
1.03024e-05	6.561e-21
1.03541e-05	6.660e-21
1.04060e-05	6.761e-21
1.04581e-05	6.863e-21
1.05105e-05	6.967e-21
1.05632e-05	7.072e-21
1.06162e-05	7.179e-21
1.06694e-05	7.287e-21
1.07228e-05	7.397e-21
1.07766e-05	7.509e-21
1.08306e-05	7.623e-21
1.08849e-05	7.738e-21
1.09394e-05	7.855e-21
1.09943e-05	7.974e-21
1.10494e-05	8.094e-21
1.11047e-05	8.217e-21
1.11604e-05	8.341e-21
1.12163e-05	8.467e-21
1.12725e-05	8.595e-21
1.13290e-05	8.725e-21
1.13858e-05	8.857e-21
1.14429e-05	8.991e-21
1.15002e-05	9.127e-21
1.15579e-05	9.264e-21
1.16158e-05	9.405e-21
1.16740e-05	9.547e-21
1.17325e-05	9.691e-21
1.17913e-05	9.837e-21
1.18504e-05	9.986e-21
1.19098e-05	1.014e-20
1.19695e-05	1.029e-20
1.20295e-05	1.045e-20
1.20898e-05	1.060e-20
1.21504e-05	1.076e-20
1.22113e-05	1.093e-20
1.22725e-05	1.109e-20
1.23340e-05	1.126e-20
1.23958e-05	1.143e-20
1.24579e-05	1.160e-20
1.25203e-05	1.178e-20
1.25831e-05	1.196e-20
1.26462e-05	1.214e-20
1.27095e-05	1.232e-20
1.27732e-05	1.251e-20
1.28373e-05	1.270e-20
1.29016e-05	1.289e-20
1.29663e-05	1.308e-20
1.30312e-05	1.328e-20
1.30965e-05	1.348e-20
1.31622e-05	1.368e-20
1.32282e-05	1.389e-20
1.32945e-05	1.410e-20
1.33611e-05	1.431e-20
1.34280e-05	1.453e-20
1.34953e-05	1.475e-20
1.35630e-05	1.497e-20
1.36310e-05	1.520e-20
1.36993e-05	1.543e-20
1.37679e-05	1.566e-20
1.38369e-05	1.590e-20
1.39063e-05	1.614e-20
1.39760e-05	1.638e-20
1.40460e-05	1.663e-20
1.41164e-05	1.688e-20
1.41872e-05	1.714e-20
1.42583e-05	1.740e-20
1.43297e-05	1.766e-20
1.44016e-05	1.793e-20
1.44737e-05	1.820e-20
1.45463e-05	1.847e-20
1.46192e-05	1.875e-20
1.46924e-05	1.904e-20
1.47661e-05	1.932e-20
1.48401e-05	1.962e-20
1.49145e-05	1.991e-20
1.49892e-05	2.021e-20
1.50643e-05	2.052e-20
1.51398e-05	2.083e-20
1.52157e-05	2.114e-20
1.52920e-05	2.146e-20
1.53686e-05	2.179e-20
1.54456e-05	2.212e-20
1.55230e-05	2.245e-20
1.56008e-05	2.279e-20
1.56790e-05	2.314e-20
1.57576e-05	2.349e-20
1.58366e-05	2.384e-20
1.59160e-05	2.420e-20
1.59957e-05	2.457e-20
1.60759e-05	2.494e-20
1.61565e-05	2.531e-20
1.62374e-05	2.570e-20
1.63188e-05	2.609e-20
1.64006e-05	2.648e-20
1.64828e-05	2.688e-20
1.65654e-05	2.729e-20
1.66484e-05	2.770e-20
1.67319e-05	2.812e-20
1.68157e-05	2.854e-20
1.69000e-05	2.897e-20
1.69847e-05	2.941e-20
1.70698e-05	2.986e-20
1.71554e-05	3.031e-20
1.72414e-05	3.077e-20
1.73278e-05	3.123e-20
1.74146e-05	3.170e-20
1.75019e-05	3.218e-20
1.75896e-05	3.267e-20
1.76778e-05	3.316e-20
1.77664e-05	3.366e-20
1.78554e-05	3.417e-20
1.79449e-05	3.469e-20
1.80348e-05	3.521e-20
1.81252e-05	3.575e-20
1.82161e-05	3.629e-20
1.83074e-05	3.684e-20
1.83991e-05	3.739e-20
1.84913e-05	3.796e-20
1.85840e-05	3.853e-20
1.86771e-05	3.911e-20
1.87707e-05	3.971e-20
1.88648e-05	4.031e-20
1.89594e-05	4.091e-20
1.90544e-05	4.153e-20
1.91499e-05	4.216e-20
1.92459e-05	4.280e-20
1.93423e-05	4.345e-20
1.94393e-05	4.410e-20
1.95367e-05	4.477e-20
1.96346e-05	4.545e-20
1.97330e-05	4.613e-20
1.98319e-05	4.683e-20
1.99313e-05	4.754e-20
2.00312e-05	4.826e-20
2.01316e-05	4.899e-20
2.02325e-05	4.973e-20
2.03339e-05	5.048e-20
2.04358e-05	5.124e-20
2.05382e-05	5.202e-20
2.06412e-05	5.280e-20
2.07446e-05	5.360e-20
2.08486e-05	5.441e-20
2.09531e-05	5.523e-20
2.10581e-05	5.607e-20
2.11636e-05	5.692e-20
2.12697e-05	5.778e-20
2.13763e-05	5.865e-20
2.14834e-05	5.954e-20
2.15911e-05	6.044e-20
2.16993e-05	6.135e-20
2.18081e-05	6.228e-20
2.19173e-05	6.322e-20
2.20272e-05	6.417e-20
2.21376e-05	6.514e-20
2.22485e-05	6.613e-20
2.23600e-05	6.713e-20
2.24721e-05	6.814e-20
2.25847e-05	6.917e-20
2.26979e-05	7.022e-20
2.28117e-05	7.128e-20
2.29260e-05	7.236e-20
2.30409e-05	7.345e-20
2.31564e-05	7.456e-20
2.32725e-05	7.569e-20
2.33891e-05	7.683e-20
2.35063e-05	7.799e-20
2.36241e-05	7.917e-20
2.37425e-05	8.037e-20
2.38615e-05	8.158e-20
2.39811e-05	8.282e-20
2.41013e-05	8.407e-20
2.42221e-05	8.534e-20
2.43435e-05	8.663e-20
2.44655e-05	8.794e-20
2.45881e-05	8.927e-20
2.47113e-05	9.062e-20
2.48352e-05	9.199e-20
2.49597e-05	9.338e-20
2.50847e-05	9.479e-20
2.52105e-05	9.622e-20
2.53368e-05	9.768e-20
2.54638e-05	9.915e-20
2.55914e-05	1.007e-19
2.57197e-05	1.022e-19
2.58486e-05	1.037e-19
2.59781e-05	1.053e-19
2.61083e-05	1.069e-19
2.62392e-05	1.085e-19
2.63707e-05	1.101e-19
2.65029e-05	1.118e-19
2.66357e-05	1.135e-19
2.67692e-05	1.152e-19
2.69033e-05	1.169e-19
2.70382e-05	1.187e-19
2.71737e-05	1.205e-19
2.73099e-05	1.223e-19
2.74468e-05	1.242e-19
2.75843e-05	1.261e-19
2.77226e-05	1.280e-19
2.78615e-05	1.299e-19
2.80011e-05	1.319e-19
2.81415e-05	1.339e-19
2.82825e-05	1.359e-19
2.84243e-05	1.379e-19
2.85667e-05	1.400e-19
2.87099e-05	1.421e-19
2.88538e-05	1.443e-19
2.89984e-05	1.465e-19
2.91437e-05	1.487e-19
2.92898e-05	1.509e-19
2.94366e-05	1.532e-19
2.95841e-05	1.555e-19
2.97324e-05	1.579e-19
2.98814e-05	1.603e-19
3.00312e-05	1.627e-19
3.01817e-05	1.651e-19
3.03329e-05	1.676e-19
3.04850e-05	1.702e-19
3.06377e-05	1.727e-19
3.07913e-05	1.754e-19
3.09456e-05	1.780e-19
3.11007e-05	1.807e-19
3.12566e-05	1.834e-19
3.14132e-05	1.862e-19
3.15707e-05	1.890e-19
3.17289e-05	1.919e-19
3.18879e-05	1.948e-19
3.20477e-05	1.977e-19
3.22084e-05	2.007e-19
3.23698e-05	2.037e-19
3.25320e-05	2.068e-19
3.26951e-05	2.099e-19
3.28589e-05	2.131e-19
3.30236e-05	2.163e-19
3.31891e-05	2.196e-19
3.33554e-05	2.229e-19
3.35226e-05	2.263e-19
3.36906e-05	2.297e-19
3.38595e-05	2.332e-19
3.40292e-05	2.367e-19
3.41997e-05	2.403e-19
3.43711e-05	2.439e-19
3.45434e-05	2.476e-19
3.47165e-05	2.514e-19
3.48905e-05	2.552e-19
3.50654e-05	2.590e-19
3.52411e-05	2.629e-19
3.54177e-05	2.669e-19
3.55953e-05	2.709e-19
3.57736e-05	2.750e-19
3.59529e-05	2.792e-19
3.61331e-05	2.834e-19
3.63142e-05	2.877e-19
3.64962e-05	2.920e-19
3.66791e-05	2.965e-19
3.68630e-05	3.009e-19
3.70477e-05	3.055e-19
3.72334e-05	3.101e-19
3.74200e-05	3.148e-19
3.76075e-05	3.195e-19
3.77960e-05	3.244e-19
3.79855e-05	3.293e-19
3.81758e-05	3.343e-19
3.83672e-05	3.393e-19
3.85595e-05	3.444e-19
3.87527e-05	3.496e-19
3.89469e-05	3.549e-19
3.91421e-05	3.603e-19
3.93383e-05	3.657e-19
3.95355e-05	3.713e-19
3.97336e-05	3.769e-19
3.99327e-05	3.826e-19
4.01329e-05	3.884e-19
4.03340e-05	3.942e-19
4.05362e-05	4.002e-19
4.07393e-05	4.062e-19
4.09435e-05	4.124e-19
4.11487e-05	4.186e-19
4.13549e-05	4.249e-19
4.15622e-05	4.314e-19
4.17705e-05	4.379e-19
4.19798e-05	4.445e-19
4.21902e-05	4.512e-19
4.24017e-05	4.581e-19
4.26142e-05	4.650e-19
4.28278e-05	4.720e-19
4.30424e-05	4.791e-19
4.32581e-05	4.864e-19
4.34750e-05	4.937e-19
4.36928e-05	5.012e-19
4.39118e-05	5.088e-19
4.41319e-05	5.165e-19
4.43531e-05	5.243e-19
4.45754e-05	5.322e-19
4.47988e-05	5.402e-19
4.50233e-05	5.484e-19
4.52490e-05	5.567e-19
4.54757e-05	5.651e-19
4.57036e-05	5.737e-19
4.59327e-05	5.823e-19
4.61629e-05	5.911e-19
4.63943e-05	6.001e-19
4.66268e-05	6.091e-19
4.68605e-05	6.183e-19
4.70953e-05	6.277e-19
4.73314e-05	6.372e-19
4.75686e-05	6.468e-19
4.78070e-05	6.566e-19
4.80466e-05	6.665e-19
4.82874e-05	6.766e-19
4.85294e-05	6.868e-19
4.87726e-05	6.972e-19
4.90171e-05	7.077e-19
4.92627e-05	7.184e-19
4.95096e-05	7.293e-19
4.97578e-05	7.403e-19
5.00071e-05	7.515e-19
5.02578e-05	7.629e-19
5.05097e-05	7.744e-19
5.07628e-05	7.861e-19
5.10172e-05	7.980e-19
5.12729e-05	8.101e-19
5.15299e-05	8.223e-19
5.17881e-05	8.347e-19
5.20477e-05	8.473e-19
5.23085e-05	8.602e-19
5.25707e-05	8.732e-19
5.28342e-05	8.864e-19
5.30990e-05	8.998e-19
5.33651e-05	9.134e-19
5.36326e-05	9.272e-19
5.39014e-05	9.412e-19
5.41715e-05	9.554e-19
5.44430e-05	9.698e-19
5.47159e-05	9.845e-19
5.49901e-05	9.994e-19
5.52657e-05	1.014e-18
5.55427e-05	1.030e-18
5.58210e-05	1.045e-18
5.61008e-05	1.061e-18
5.63820e-05	1.077e-18
5.66645e-05	1.094e-18
5.69485e-05	1.110e-18
5.72340e-05	1.127e-18
5.75208e-05	1.144e-18
5.78091e-05	1.161e-18
5.80988e-05	1.179e-18
5.83900e-05	1.197e-18
5.86826e-05	1.215e-18
5.89767e-05	1.233e-18
5.92723e-05	1.252e-18
5.95694e-05	1.271e-18
5.98679e-05	1.290e-18
6.01680e-05	1.309e-18
6.04695e-05	1.329e-18
6.07726e-05	1.349e-18
6.10772e-05	1.370e-18
6.13833e-05	1.390e-18
6.16909e-05	1.411e-18
6.20001e-05	1.433e-18
6.23109e-05	1.454e-18
6.26232e-05	1.476e-18
6.29370e-05	1.499e-18
6.32524e-05	1.521e-18
6.35695e-05	1.544e-18
6.38881e-05	1.568e-18
6.42082e-05	1.591e-18
6.45300e-05	1.615e-18
6.48535e-05	1.640e-18
6.51785e-05	1.664e-18
6.55052e-05	1.690e-18
6.58335e-05	1.715e-18
6.61634e-05	1.741e-18
6.64950e-05	1.767e-18
6.68283e-05	1.794e-18
6.71632e-05	1.821e-18
6.74998e-05	1.849e-18
6.78381e-05	1.877e-18
6.81781e-05	1.905e-18
6.85198e-05	1.934e-18
6.88632e-05	1.963e-18
6.92083e-05	1.993e-18
6.95552e-05	2.023e-18
6.99038e-05	2.053e-18
7.02542e-05	2.085e-18
7.06062e-05	2.116e-18
7.09601e-05	2.148e-18
7.13158e-05	2.180e-18
7.16732e-05	2.213e-18
7.20324e-05	2.247e-18
7.23934e-05	2.281e-18
7.27562e-05	2.315e-18
7.31209e-05	2.350e-18
7.34873e-05	2.386e-18
7.38557e-05	2.422e-18
7.42258e-05	2.459e-18
7.45978e-05	2.496e-18
7.49717e-05	2.533e-18
7.53474e-05	2.572e-18
7.57251e-05	2.611e-18
7.61046e-05	2.650e-18
7.64860e-05	2.690e-18
7.68693e-05	2.731e-18
7.72546e-05	2.772e-18
7.76418e-05	2.814e-18
7.80309e-05	2.857e-18
7.84220e-05	2.900e-18
7.88150e-05	2.944e-18
7.92100e-05	2.988e-18
7.96070e-05	3.033e-18
8.00060e-05	3.079e-18
8.04070e-05	3.126e-18
8.08100e-05	3.173e-18
8.12150e-05	3.221e-18
8.16220e-05	3.269e-18
8.20311e-05	3.319e-18
8.24422e-05	3.369e-18
8.28554e-05	3.420e-18
8.32707e-05	3.472e-18
8.36880e-05	3.524e-18
8.41074e-05	3.577e-18
8.45290e-05	3.632e-18
8.49526e-05	3.686e-18
8.53784e-05	3.742e-18
8.58063e-05	3.799e-18
8.62363e-05	3.856e-18
8.66685e-05	3.914e-18
8.71029e-05	3.974e-18
8.75394e-05	4.034e-18
8.79782e-05	4.095e-18
8.84191e-05	4.157e-18
8.88622e-05	4.219e-18
8.93076e-05	4.283e-18
8.97552e-05	4.348e-18
9.02050e-05	4.414e-18
9.06571e-05	4.480e-18
9.11115e-05	4.548e-18
9.15681e-05	4.617e-18
9.20270e-05	4.687e-18
9.24883e-05	4.757e-18
9.29518e-05	4.829e-18
9.34177e-05	4.902e-18
9.38859e-05	4.976e-18
9.43564e-05	5.052e-18
9.48293e-05	5.128e-18
9.53046e-05	5.206e-18
9.57822e-05	5.284e-18
9.62623e-05	5.364e-18
9.67447e-05	5.445e-18
9.72296e-05	5.528e-18
9.77169e-05	5.611e-18
9.82066e-05	5.696e-18
9.86988e-05	5.782e-18
9.91935e-05	5.869e-18
9.96906e-05	5.958e-18
1.00190e-04	6.048e-18
1.00692e-04	6.140e-18
1.01197e-04	6.232e-18
1.01704e-04	6.327e-18
1.02214e-04	6.422e-18
1.02726e-04	6.519e-18
1.03241e-04	6.618e-18
1.03759e-04	6.718e-18
1.04279e-04	6.819e-18
1.04801e-04	6.923e-18
1.05326e-04	7.027e-18
1.05854e-04	7.133e-18
1.06385e-04	7.241e-18
1.06918e-04	7.351e-18
1.07454e-04	7.462e-18
1.07992e-04	7.575e-18
1.08534e-04	7.689e-18
1.09078e-04	7.805e-18
1.09624e-04	7.923e-18
1.10174e-04	8.043e-18
1.10726e-04	8.165e-18
1.11281e-04	8.288e-18
1.11838e-04	8.413e-18
1.12399e-04	8.541e-18
1.12962e-04	8.670e-18
1.13528e-04	8.801e-18
1.14097e-04	8.934e-18
1.14669e-04	9.069e-18
1.15244e-04	9.206e-18
1.15822e-04	9.345e-18
1.16402e-04	9.486e-18
1.16985e-04	9.630e-18
1.17572e-04	9.775e-18
1.18161e-04	9.923e-18
1.18753e-04	1.007e-17
1.19348e-04	1.023e-17
1.19947e-04	1.038e-17
1.20548e-04	1.054e-17
1.21152e-04	1.070e-17
1.21759e-04	1.086e-17
1.22369e-04	1.102e-17
1.22983e-04	1.119e-17
1.23599e-04	1.136e-17
1.24218e-04	1.153e-17
1.24841e-04	1.170e-17
1.25467e-04	1.188e-17
1.26095e-04	1.206e-17
1.26727e-04	1.224e-17
1.27363e-04	1.243e-17
1.28001e-04	1.262e-17
1.28642e-04	1.281e-17
1.29287e-04	1.300e-17
1.29935e-04	1.320e-17
1.30586e-04	1.340e-17
1.31241e-04	1.360e-17
1.31899e-04	1.380e-17
1.32560e-04	1.401e-17
1.33224e-04	1.422e-17
1.33892e-04	1.444e-17
1.34563e-04	1.466e-17
1.35237e-04	1.488e-17
1.35915e-04	1.510e-17
1.36596e-04	1.533e-17
1.37281e-04	1.556e-17
1.37969e-04	1.580e-17
1.38660e-04	1.604e-17
1.39355e-04	1.628e-17
1.40054e-04	1.653e-17
1.40756e-04	1.678e-17
1.41461e-04	1.703e-17
1.42170e-04	1.729e-17
1.42882e-04	1.755e-17
1.43599e-04	1.781e-17
1.44318e-04	1.808e-17
1.45042e-04	1.836e-17
1.45768e-04	1.863e-17
1.46499e-04	1.892e-17
1.47233e-04	1.920e-17
1.47971e-04	1.949e-17
1.48713e-04	1.979e-17
1.49458e-04	2.009e-17
1.50207e-04	2.039e-17
1.50960e-04	2.070e-17
1.51717e-04	2.101e-17
1.52477e-04	2.133e-17
1.53241e-04	2.165e-17
1.54009e-04	2.198e-17
1.54781e-04	2.231e-17
1.55557e-04	2.265e-17
1.56336e-04	2.299e-17
1.57120e-04	2.334e-17
1.57907e-04	2.369e-17
1.58699e-04	2.405e-17
1.59494e-04	2.441e-17
1.60294e-04	2.478e-17
1.61097e-04	2.515e-17
1.61904e-04	2.554e-17
1.62716e-04	2.592e-17
1.63531e-04	2.631e-17
1.64351e-04	2.671e-17
1.65175e-04	2.711e-17
1.66002e-04	2.752e-17
1.66834e-04	2.794e-17
1.67670e-04	2.836e-17
1.68511e-04	2.879e-17
1.69355e-04	2.923e-17
1.70204e-04	2.967e-17
1.71057e-04	3.012e-17
1.71914e-04	3.057e-17
1.72776e-04	3.103e-17
1.73642e-04	3.150e-17
1.74512e-04	3.198e-17
1.75387e-04	3.246e-17
1.76266e-04	3.295e-17
1.77149e-04	3.345e-17
1.78037e-04	3.396e-17
1.78929e-04	3.447e-17
1.79826e-04	3.499e-17
1.80727e-04	3.552e-17
1.81633e-04	3.606e-17
1.82544e-04	3.660e-17
1.83458e-04	3.716e-17
1.84378e-04	3.772e-17
1.85302e-04	3.829e-17
1.86231e-04	3.887e-17
1.87164e-04	3.945e-17
1.88102e-04	4.005e-17
1.89045e-04	4.066e-17
1.89992e-04	4.127e-17
1.90944e-04	4.189e-17
1.91901e-04	4.253e-17
1.92863e-04	4.317e-17
1.93830e-04	4.382e-17
1.94801e-04	4.449e-17
1.95778e-04	4.516e-17
1.96759e-04	4.584e-17
1.97745e-04	4.653e-17
1.98736e-04	4.724e-17
1.99732e-04	4.795e-17
2.00733e-04	4.868e-17
2.01739e-04	4.941e-17
2.02750e-04	5.016e-17
2.03766e-04	5.092e-17
2.04788e-04	5.169e-17
2.05814e-04	5.247e-17
2.06845e-04	5.326e-17
2.07882e-04	5.407e-17
2.08924e-04	5.488e-17
2.09971e-04	5.571e-17
2.11023e-04	5.656e-17
2.12081e-04	5.741e-17
2.13144e-04	5.828e-17
2.14212e-04	5.916e-17
2.15286e-04	6.005e-17
2.16365e-04	6.096e-17
2.17449e-04	6.188e-17
2.18539e-04	6.282e-17
2.19634e-04	6.377e-17
2.20735e-04	6.473e-17
2.21841e-04	6.571e-17
2.22953e-04	6.670e-17
2.24071e-04	6.771e-17
2.25194e-04	6.873e-17
2.26322e-04	6.977e-17
2.27456e-04	7.083e-17
2.28596e-04	7.190e-17
2.29742e-04	7.299e-17
2.30894e-04	7.409e-17
2.32051e-04	7.521e-17
2.33214e-04	7.635e-17
2.34383e-04	7.750e-17
2.35557e-04	7.867e-17
2.36738e-04	7.986e-17
2.37924e-04	8.107e-17
2.39117e-04	8.229e-17
2.40315e-04	8.354e-17
2.41520e-04	8.480e-17
2.42730e-04	8.608e-17
2.43947e-04	8.738e-17
2.45169e-04	8.870e-17
2.46398e-04	9.005e-17
2.47633e-04	9.141e-17
2.48874e-04	9.279e-17
2.50121e-04	9.419e-17
2.51375e-04	9.561e-17
2.52635e-04	9.706e-17
2.53901e-04	9.853e-17
2.55173e-04	1.000e-16
2.56452e-04	1.015e-16
2.57738e-04	1.031e-16
2.59029e-04	1.046e-16
2.60328e-04	1.062e-16
2.61632e-04	1.078e-16
2.62943e-04	1.094e-16
2.64261e-04	1.111e-16
2.65586e-04	1.128e-16
2.66917e-04	1.145e-16
2.68255e-04	1.162e-16
2.69599e-04	1.180e-16
2.70950e-04	1.197e-16
2.72308e-04	1.216e-16
2.73673e-04	1.234e-16
2.75044e-04	1.253e-16
2.76423e-04	1.272e-16
2.77808e-04	1.291e-16
2.79201e-04	1.310e-16
2.80600e-04	1.330e-16
2.82006e-04	1.350e-16
2.83420e-04	1.371e-16
2.84840e-04	1.391e-16
2.86268e-04	1.412e-16
2.87702e-04	1.434e-16
2.89144e-04	1.455e-16
2.90594e-04	1.477e-16
2.92050e-04	1.500e-16
2.93514e-04	1.522e-16
2.94985e-04	1.545e-16
2.96463e-04	1.569e-16
2.97949e-04	1.592e-16
2.99442e-04	1.616e-16
3.00943e-04	1.641e-16
3.02451e-04	1.666e-16
3.03967e-04	1.691e-16
3.05490e-04	1.716e-16
3.07022e-04	1.742e-16
3.08560e-04	1.769e-16
3.10107e-04	1.796e-16
3.11661e-04	1.823e-16
3.13223e-04	1.850e-16
3.14793e-04	1.878e-16
3.16370e-04	1.907e-16
3.17956e-04	1.935e-16
3.19550e-04	1.965e-16
3.21151e-04	1.994e-16
3.22761e-04	2.024e-16
3.24378e-04	2.055e-16
3.26004e-04	2.086e-16
3.27638e-04	2.118e-16
3.29280e-04	2.150e-16
3.30930e-04	2.182e-16
3.32589e-04	2.215e-16
3.34256e-04	2.249e-16
3.35931e-04	2.283e-16
3.37615e-04	2.317e-16
3.39307e-04	2.352e-16
3.41007e-04	2.388e-16
3.42716e-04	2.424e-16
3.44434e-04	2.460e-16
3.46160e-04	2.498e-16
3.47895e-04	2.535e-16
3.49639e-04	2.574e-16
3.51391e-04	2.613e-16
3.53152e-04	2.652e-16
3.54922e-04	2.692e-16
3.56701e-04	2.733e-16
3.58489e-04	2.774e-16
3.60285e-04	2.816e-16
3.62091e-04	2.859e-16
3.63906e-04	2.902e-16
3.65730e-04	2.946e-16
3.67562e-04	2.990e-16
3.69405e-04	3.036e-16
3.71256e-04	3.081e-16
3.73117e-04	3.128e-16
3.74987e-04	3.175e-16
3.76866e-04	3.223e-16
3.78755e-04	3.272e-16
3.80653e-04	3.321e-16
3.82561e-04	3.372e-16
3.84478e-04	3.423e-16
3.86405e-04	3.474e-16
3.88342e-04	3.527e-16
3.90288e-04	3.580e-16
3.92244e-04	3.634e-16
3.94210e-04	3.689e-16
3.96186e-04	3.745e-16
3.98171e-04	3.802e-16
4.00167e-04	3.859e-16
4.02172e-04	3.917e-16
4.04188e-04	3.977e-16
4.06214e-04	4.037e-16
4.08250e-04	4.098e-16
4.10296e-04	4.160e-16
4.12352e-04	4.223e-16
4.14419e-04	4.286e-16
4.16496e-04	4.351e-16
4.18583e-04	4.417e-16
4.20681e-04	4.484e-16
4.22789e-04	4.552e-16
4.24908e-04	4.620e-16
4.27038e-04	4.690e-16
4.29178e-04	4.761e-16
4.31329e-04	4.833e-16
4.33491e-04	4.906e-16
4.35663e-04	4.980e-16
4.37847e-04	5.056e-16
4.40041e-04	5.132e-16
4.42247e-04	5.210e-16
4.44463e-04	5.288e-16
4.46691e-04	5.368e-16
4.48930e-04	5.449e-16
4.51180e-04	5.532e-16
4.53441e-04	5.615e-16
4.55713e-04	5.700e-16
4.57997e-04	5.786e-16
4.60293e-04	5.874e-16
4.62600e-04	5.963e-16
4.64918e-04	6.053e-16
4.67248e-04	6.144e-16
4.69590e-04	6.237e-16
4.71943e-04	6.332e-16
4.74309e-04	6.427e-16
4.76686e-04	6.524e-16
4.79075e-04	6.623e-16
4.81476e-04	6.723e-16
4.83889e-04	6.825e-16
4.86314e-04	6.928e-16
4.88752e-04	7.033e-16
4.91201e-04	7.139e-16
4.93663e-04	7.247e-16
4.96137e-04	7.356e-16
4.98624e-04	7.468e-16
5.01123e-04	7.581e-16
5.03634e-04	7.695e-16
5.06158e-04	7.811e-16
5.08695e-04	7.929e-16
5.11245e-04	8.049e-16
5.13807e-04	8.171e-16
5.16382e-04	8.295e-16
5.18970e-04	8.420e-16
5.21571e-04	8.547e-16
5.24185e-04	8.676e-16
5.26812e-04	8.808e-16
5.29453e-04	8.941e-16
5.32106e-04	9.076e-16
5.34773e-04	9.213e-16
5.37453e-04	9.352e-16
5.40147e-04	9.494e-16
5.42854e-04	9.637e-16
5.45574e-04	9.783e-16
5.48309e-04	9.931e-16
5.51057e-04	1.008e-15
5.53819e-04	1.023e-15
5.56594e-04	1.039e-15
5.59384e-04	1.054e-15
5.62187e-04	1.070e-15
5.65005e-04	1.087e-15
5.67837e-04	1.103e-15
5.70683e-04	1.120e-15
5.73543e-04	1.137e-15
5.76417e-04	1.154e-15
5.79306e-04	1.171e-15
5.82210e-04	1.189e-15
5.85128e-04	1.207e-15
5.88060e-04	1.225e-15
5.91007e-04	1.244e-15
5.93969e-04	1.263e-15
5.96946e-04	1.282e-15
5.99938e-04	1.301e-15
6.02945e-04	1.321e-15
6.05967e-04	1.341e-15
6.09004e-04	1.361e-15
6.12056e-04	1.381e-15
6.15123e-04	1.402e-15
6.18206e-04	1.424e-15
6.21305e-04	1.445e-15
6.24419e-04	1.467e-15
6.27548e-04	1.489e-15
6.30693e-04	1.512e-15
6.33854e-04	1.534e-15
6.37031e-04	1.558e-15
6.40224e-04	1.581e-15
6.43432e-04	1.605e-15
6.46657e-04	1.629e-15
6.49898e-04	1.654e-15
6.53155e-04	1.679e-15
6.56429e-04	1.704e-15
6.59719e-04	1.730e-15
6.63025e-04	1.756e-15
6.66348e-04	1.783e-15
6.69688e-04	1.810e-15
6.73044e-04	1.837e-15
6.76417e-04	1.865e-15
6.79807e-04	1.893e-15
6.83214e-04	1.922e-15
6.86638e-04	1.951e-15
6.90080e-04	1.980e-15
6.93538e-04	2.010e-15
6.97014e-04	2.041e-15
7.00508e-04	2.071e-15
7.04018e-04	2.103e-15
7.07547e-04	2.134e-15
7.11093e-04	2.167e-15
7.14657e-04	2.199e-15
7.18239e-04	2.233e-15
7.21838e-04	2.266e-15
7.25456e-04	2.301e-15
7.29092e-04	2.335e-15
7.32746e-04	2.371e-15
7.36418e-04	2.407e-15
7.40109e-04	2.443e-15
7.43818e-04	2.480e-15
7.47546e-04	2.517e-15
7.51293e-04	2.555e-15
7.55058e-04	2.594e-15
7.58843e-04	2.633e-15
7.62646e-04	2.673e-15
7.66468e-04	2.714e-15
7.70309e-04	2.755e-15
7.74170e-04	2.796e-15
7.78050e-04	2.838e-15
7.81949e-04	2.881e-15
7.85868e-04	2.925e-15
7.89807e-04	2.969e-15
7.93766e-04	3.014e-15
7.97744e-04	3.060e-15
8.01742e-04	3.106e-15
8.05760e-04	3.153e-15
8.09798e-04	3.200e-15
8.13857e-04	3.249e-15
8.17936e-04	3.298e-15
8.22035e-04	3.348e-15
8.26155e-04	3.398e-15
8.30296e-04	3.450e-15
8.34457e-04	3.502e-15
8.38639e-04	3.555e-15
8.42842e-04	3.609e-15
8.47067e-04	3.663e-15
8.51312e-04	3.719e-15
8.55579e-04	3.775e-15
8.59867e-04	3.832e-15
8.64176e-04	3.890e-15
8.68507e-04	3.948e-15
8.72860e-04	4.008e-15
8.77235e-04	4.069e-15
8.81631e-04	4.130e-15
8.86050e-04	4.193e-15
8.90490e-04	4.256e-15
8.94953e-04	4.320e-15
8.99439e-04	4.386e-15
9.03947e-04	4.452e-15
9.08477e-04	4.519e-15
9.13030e-04	4.588e-15
9.17606e-04	4.657e-15
9.22205e-04	4.727e-15
9.26827e-04	4.799e-15
9.31472e-04	4.871e-15
9.36141e-04	4.945e-15
9.40832e-04	5.020e-15
9.45548e-04	5.096e-15
9.50287e-04	5.173e-15
9.55049e-04	5.251e-15
9.59836e-04	5.330e-15
9.64646e-04	5.411e-15
9.69481e-04	5.493e-15
9.74340e-04	5.576e-15
9.79223e-04	5.660e-15
9.84131e-04	5.745e-15
9.89063e-04	5.832e-15
9.94020e-04	5.920e-15
9.99002e-04	6.010e-15
1.00401e-03	6.101e-15
1.00904e-03	6.193e-15
1.01410e-03	6.287e-15
1.01918e-03	6.382e-15
1.02429e-03	6.478e-15
1.02942e-03	6.576e-15
1.03458e-03	6.675e-15
1.03977e-03	6.776e-15
1.04498e-03	6.879e-15
1.05021e-03	6.983e-15
1.05548e-03	7.088e-15
1.06077e-03	7.196e-15
1.06608e-03	7.304e-15
1.07143e-03	7.415e-15
1.07680e-03	7.527e-15
1.08219e-03	7.641e-15
1.08762e-03	7.756e-15
1.09307e-03	7.873e-15
1.09855e-03	7.992e-15
1.10405e-03	8.113e-15
1.10959e-03	8.236e-15
1.11515e-03	8.360e-15
1.12074e-03	8.487e-15
1.12635e-03	8.615e-15
1.13200e-03	8.745e-15
1.13767e-03	8.877e-15
1.14337e-03	9.012e-15
1.14910e-03	9.148e-15
1.15486e-03	9.286e-15
1.16065e-03	9.426e-15
1.16647e-03	9.569e-15
1.17231e-03	9.714e-15
1.17819e-03	9.860e-15
1.18409e-03	1.001e-14
1.19003e-03	1.016e-14
1.19599e-03	1.031e-14
1.20199e-03	1.047e-14
1.20801e-03	1.063e-14
1.21407e-03	1.079e-14
1.22015e-03	1.095e-14
1.22627e-03	1.112e-14
1.23241e-03	1.129e-14
1.23859e-03	1.146e-14
1.24480e-03	1.163e-14
1.25103e-03	1.181e-14
1.25730e-03	1.198e-14
1.26361e-03	1.217e-14
1.26994e-03	1.235e-14
1.27630e-03	1.254e-14
1.28270e-03	1.273e-14
1.28913e-03	1.292e-14
1.29559e-03	1.311e-14
1.30208e-03	1.331e-14
1.30861e-03	1.351e-14
1.31517e-03	1.372e-14
1.32176e-03	1.392e-14
1.32838e-03	1.413e-14
1.33504e-03	1.435e-14
1.34173e-03	1.456e-14
1.34846e-03	1.478e-14
1.35521e-03	1.501e-14
1.36201e-03	1.524e-14
1.36883e-03	1.547e-14
1.37569e-03	1.570e-14
1.38259e-03	1.594e-14
1.38952e-03	1.618e-14
1.39648e-03	1.642e-14
1.40348e-03	1.667e-14
1.41051e-03	1.692e-14
1.41758e-03	1.718e-14
1.42469e-03	1.744e-14
1.43183e-03	1.770e-14
1.43900e-03	1.797e-14
1.44622e-03	1.824e-14
1.45346e-03	1.852e-14
1.46075e-03	1.880e-14
1.46807e-03	1.908e-14
1.47543e-03	1.937e-14
1.48282e-03	1.966e-14
1.49025e-03	1.996e-14
1.49772e-03	2.026e-14
1.50523e-03	2.057e-14
1.51277e-03	2.088e-14
1.52036e-03	2.119e-14
1.52798e-03	2.151e-14
1.53563e-03	2.184e-14
1.54333e-03	2.217e-14
1.55106e-03	2.250e-14
1.55884e-03	2.284e-14
1.56665e-03	2.319e-14
1.57450e-03	2.354e-14
1.58239e-03	2.390e-14
1.59032e-03	2.426e-14
1.59829e-03	2.462e-14
1.60631e-03	2.500e-14
1.61436e-03	2.537e-14
1.62245e-03	2.576e-14
1.63058e-03	2.615e-14
1.63875e-03	2.654e-14
1.64696e-03	2.694e-14
1.65522e-03	2.735e-14
1.66351e-03	2.776e-14
1.67185e-03	2.818e-14
1.68023e-03	2.861e-14
1.68865e-03	2.904e-14
1.69711e-03	2.948e-14
1.70562e-03	2.993e-14
1.71417e-03	3.038e-14
1.72276e-03	3.084e-14
1.73139e-03	3.130e-14
1.74007e-03	3.178e-14
1.74879e-03	3.226e-14
1.75756e-03	3.275e-14
1.76636e-03	3.324e-14
1.77522e-03	3.374e-14
1.78411e-03	3.425e-14
1.79306e-03	3.477e-14
1.80204e-03	3.530e-14
1.81107e-03	3.583e-14
1.82015e-03	3.637e-14
1.82927e-03	3.692e-14
1.83844e-03	3.748e-14
1.84766e-03	3.805e-14
1.85692e-03	3.862e-14
1.86622e-03	3.920e-14
1.87558e-03	3.980e-14
1.88498e-03	4.040e-14
1.89442e-03	4.101e-14
1.90392e-03	4.163e-14
1.91346e-03	4.226e-14
1.92305e-03	4.290e-14
1.93269e-03	4.355e-14
1.94237e-03	4.420e-14
1.95211e-03	4.487e-14
1.96189e-03	4.555e-14
1.97172e-03	4.624e-14
1.98161e-03	4.694e-14
1.99154e-03	4.765e-14
2.00152e-03	4.837e-14
2.01155e-03	4.910e-14
2.02163e-03	4.984e-14
2.03176e-03	5.060e-14
2.04195e-03	5.136e-14
2.05218e-03	5.214e-14
2.06247e-03	5.292e-14
2.07280e-03	5.372e-14
2.08319e-03	5.454e-14
2.09363e-03	5.536e-14
2.10412e-03	5.620e-14
2.11467e-03	5.705e-14
2.12527e-03	5.791e-14
2.13592e-03	5.879e-14
2.14663e-03	5.967e-14
2.15738e-03	6.058e-14
2.16820e-03	6.149e-14
2.17906e-03	6.242e-14
2.18998e-03	6.336e-14
2.20096e-03	6.432e-14
2.21199e-03	6.529e-14
2.22308e-03	6.628e-14
2.23422e-03	6.728e-14
2.24542e-03	6.830e-14
2.25667e-03	6.933e-14
2.26798e-03	7.038e-14
2.27935e-03	7.144e-14
2.29077e-03	7.252e-14
2.30225e-03	7.362e-14
2.31379e-03	7.473e-14
2.32539e-03	7.586e-14
2.33704e-03	7.701e-14
2.34875e-03	7.817e-14
2.36052e-03	7.936e-14
2.37236e-03	8.056e-14
2.38425e-03	8.177e-14
2.39619e-03	8.301e-14
2.40820e-03	8.426e-14
2.42027e-03	8.554e-14
2.43240e-03	8.683e-14
2.44459e-03	8.814e-14
2.45685e-03	8.948e-14
2.46916e-03	9.083e-14
2.48153e-03	9.220e-14
2.49397e-03	9.360e-14
2.50647e-03	9.501e-14
2.51903e-03	9.645e-14
2.53166e-03	9.790e-14
2.54435e-03	9.938e-14
2.55710e-03	1.009e-13
2.56991e-03	1.024e-13
2.58279e-03	1.040e-13
2.59574e-03	1.055e-13
2.60875e-03	1.071e-13
2.62182e-03	1.087e-13
2.63496e-03	1.104e-13
2.64817e-03	1.121e-13
2.66144e-03	1.138e-13
2.67478e-03	1.155e-13
2.68818e-03	1.172e-13
2.70166e-03	1.190e-13
2.71520e-03	1.208e-13
2.72881e-03	1.226e-13
2.74248e-03	1.245e-13
2.75623e-03	1.263e-13
2.77004e-03	1.283e-13
2.78392e-03	1.302e-13
2.79788e-03	1.322e-13
2.81190e-03	1.342e-13
2.82599e-03	1.362e-13
2.84016e-03	1.382e-13
2.85439e-03	1.403e-13
2.86870e-03	1.425e-13
2.88307e-03	1.446e-13
2.89752e-03	1.468e-13
2.91204e-03	1.490e-13
2.92664e-03	1.513e-13
2.94131e-03	1.536e-13
2.95605e-03	1.559e-13
2.97086e-03	1.582e-13
2.98575e-03	1.606e-13
3.00072e-03	1.631e-13
3.01576e-03	1.655e-13
3.03087e-03	1.680e-13
3.04606e-03	1.706e-13
3.06133e-03	1.731e-13
3.07667e-03	1.758e-13
3.09209e-03	1.784e-13
3.10759e-03	1.811e-13
3.12316e-03	1.839e-13
3.13881e-03	1.866e-13
3.15455e-03	1.895e-13
3.17036e-03	1.923e-13
3.18624e-03	1.952e-13
3.20221e-03	1.982e-13
3.21826e-03	2.012e-13
3.23439e-03	2.042e-13
3.25060e-03	2.073e-13
3.26689e-03	2.104e-13
3.28327e-03	2.136e-13
3.29972e-03	2.168e-13
3.31626e-03	2.201e-13
3.33288e-03	2.234e-13
3.34958e-03	2.268e-13
3.36637e-03	2.303e-13
3.38324e-03	2.337e-13
3.40020e-03	2.373e-13
3.41724e-03	2.409e-13
3.43437e-03	2.445e-13
3.45158e-03	2.482e-13
3.46888e-03	2.519e-13
3.48626e-03	2.557e-13
3.50374e-03	2.596e-13
3.52130e-03	2.635e-13
3.53894e-03	2.675e-13
3.55668e-03	2.716e-13
3.57451e-03	2.757e-13
3.59242e-03	2.798e-13
3.61043e-03	2.841e-13
3.62852e-03	2.884e-13
3.64671e-03	2.927e-13
3.66498e-03	2.971e-13
3.68335e-03	3.016e-13
3.70181e-03	3.062e-13
3.72036e-03	3.108e-13
3.73901e-03	3.155e-13
3.75775e-03	3.203e-13
3.77658e-03	3.251e-13
3.79551e-03	3.300e-13
3.81453e-03	3.350e-13
3.83365e-03	3.401e-13
3.85286e-03	3.452e-13
3.87217e-03	3.505e-13
3.89158e-03	3.558e-13
3.91109e-03	3.611e-13
3.93069e-03	3.666e-13
3.95039e-03	3.721e-13
3.97019e-03	3.778e-13
3.99008e-03	3.835e-13
4.01008e-03	3.893e-13
4.03018e-03	3.952e-13
4.05038e-03	4.011e-13
4.07068e-03	4.072e-13
4.09108e-03	4.133e-13
4.11158e-03	4.196e-13
4.13219e-03	4.259e-13
4.15290e-03	4.324e-13
4.17371e-03	4.389e-13
4.19463e-03	4.455e-13
4.21565e-03	4.523e-13
4.23678e-03	4.591e-13
4.25802e-03	4.661e-13
4.27936e-03	4.731e-13
4.30080e-03	4.803e-13
4.32236e-03	4.875e-13
4.34402e-03	4.949e-13
4.36579e-03	5.024e-13
4.38767e-03	5.100e-13
4.40966e-03	5.177e-13
4.43177e-03	5.255e-13
4.45398e-03	5.334e-13
4.47630e-03	5.415e-13
4.49873e-03	5.497e-13
4.52128e-03	5.580e-13
4.54394e-03	5.664e-13
4.56671e-03	5.750e-13
4.58960e-03	5.837e-13
4.61260e-03	5.925e-13
4.63572e-03	6.015e-13
4.65895e-03	6.106e-13
4.68230e-03	6.198e-13
4.70577e-03	6.292e-13
4.72936e-03	6.387e-13
4.75306e-03	6.483e-13
4.77688e-03	6.581e-13
4.80082e-03	6.681e-13
4.82488e-03	6.782e-13
4.84906e-03	6.884e-13
4.87337e-03	6.988e-13
4.89779e-03	7.094e-13
4.92234e-03	7.201e-13
4.94701e-03	7.310e-13
4.97180e-03	7.420e-13
4.99672e-03	7.533e-13
5.02176e-03	7.646e-13
5.04693e-03	7.762e-13
5.07222e-03	7.879e-13
5.09765e-03	7.998e-13
5.12319e-03	8.119e-13
5.14887e-03	8.242e-13
5.17468e-03	8.367e-13
5.20061e-03	8.493e-13
5.22667e-03	8.622e-13
5.25287e-03	8.752e-13
5.27920e-03	8.884e-13
5.30566e-03	9.018e-13
5.33225e-03	9.155e-13
5.35897e-03	9.293e-13
5.38583e-03	9.434e-13
5.41282e-03	9.576e-13
5.43995e-03	9.721e-13
5.46721e-03	9.868e-13
5.49462e-03	1.002e-12
5.52215e-03	1.017e-12
5.54983e-03	1.032e-12
5.57764e-03	1.048e-12
5.60560e-03	1.064e-12
5.63369e-03	1.080e-12
5.66193e-03	1.096e-12
5.69030e-03	1.113e-12
5.71882e-03	1.129e-12
5.74748e-03	1.147e-12
5.77629e-03	1.164e-12
5.80524e-03	1.181e-12
5.83433e-03	1.199e-12
5.86358e-03	1.217e-12
5.89296e-03	1.236e-12
5.92250e-03	1.255e-12
5.95218e-03	1.273e-12
5.98201e-03	1.293e-12
6.01199e-03	1.312e-12
6.04212e-03	1.332e-12
6.07241e-03	1.352e-12
6.10284e-03	1.373e-12
6.13343e-03	1.393e-12
6.16417e-03	1.415e-12
6.19506e-03	1.436e-12
6.22611e-03	1.458e-12
6.25731e-03	1.480e-12
6.28867e-03	1.502e-12
6.32019e-03	1.525e-12
6.35187e-03	1.548e-12
6.38370e-03	1.571e-12
6.41569e-03	1.595e-12
6.44785e-03	1.619e-12
6.48017e-03	1.643e-12
6.51264e-03	1.668e-12
6.54528e-03	1.694e-12
6.57809e-03	1.719e-12
6.61106e-03	1.745e-12
6.64419e-03	1.772e-12
6.67749e-03	1.798e-12
6.71095e-03	1.825e-12
6.74459e-03	1.853e-12
6.77839e-03	1.881e-12
6.81236e-03	1.910e-12
6.84651e-03	1.938e-12
6.88082e-03	1.968e-12
6.91531e-03	1.997e-12
6.94996e-03	2.028e-12
6.98480e-03	2.058e-12
7.01980e-03	2.089e-12
7.05498e-03	2.121e-12
7.09034e-03	2.153e-12
7.12588e-03	2.186e-12
7.16159e-03	2.219e-12
7.19748e-03	2.252e-12
7.23356e-03	2.286e-12
7.26981e-03	2.321e-12
7.30625e-03	2.356e-12
7.34286e-03	2.391e-12
7.37967e-03	2.428e-12
7.41665e-03	2.464e-12
7.45382e-03	2.502e-12
7.49118e-03	2.539e-12
7.52872e-03	2.578e-12
7.56646e-03	2.617e-12
7.60438e-03	2.656e-12
7.64249e-03	2.696e-12
7.68079e-03	2.737e-12
7.71929e-03	2.779e-12
7.75798e-03	2.821e-12
7.79686e-03	2.863e-12
7.83593e-03	2.906e-12
7.87521e-03	2.950e-12
7.91468e-03	2.995e-12
7.95434e-03	3.040e-12
7.99421e-03	3.086e-12
8.03427e-03	3.133e-12
8.07454e-03	3.180e-12
8.11501e-03	3.228e-12
8.15568e-03	3.277e-12
8.19655e-03	3.327e-12
8.23763e-03	3.377e-12
8.27892e-03	3.428e-12
8.32041e-03	3.480e-12
8.36211e-03	3.532e-12
8.40402e-03	3.586e-12
8.44614e-03	3.640e-12
8.48847e-03	3.695e-12
8.53102e-03	3.751e-12
8.57377e-03	3.808e-12
8.61674e-03	3.865e-12
8.65993e-03	3.924e-12
8.70333e-03	3.983e-12
8.74695e-03	4.043e-12
8.79079e-03	4.104e-12
8.83485e-03	4.166e-12
8.87912e-03	4.229e-12
8.92363e-03	4.293e-12
8.96835e-03	4.358e-12
9.01330e-03	4.424e-12
9.05847e-03	4.491e-12
9.10387e-03	4.559e-12
9.14950e-03	4.628e-12
9.19535e-03	4.698e-12
9.24144e-03	4.769e-12
9.28775e-03	4.841e-12
9.33430e-03	4.915e-12
9.38108e-03	4.989e-12
9.42810e-03	5.065e-12
9.47535e-03	5.142e-12
9.52284e-03	5.219e-12
9.57057e-03	5.299e-12
9.61854e-03	5.379e-12
9.66674e-03	5.460e-12
9.71519e-03	5.543e-12
9.76388e-03	5.627e-12
9.81282e-03	5.712e-12
9.86200e-03	5.799e-12
9.91142e-03	5.887e-12
9.96110e-03	5.976e-12
1.00110e-02	6.067e-12
1.00612e-02	6.159e-12
1.01116e-02	6.252e-12
1.01623e-02	6.347e-12
1.02132e-02	6.443e-12
1.02644e-02	6.541e-12
1.03159e-02	6.640e-12
1.03676e-02	6.740e-12
1.04195e-02	6.842e-12
1.04717e-02	6.946e-12
1.05242e-02	7.051e-12
1.05770e-02	7.158e-12
1.06300e-02	7.267e-12
1.06833e-02	7.377e-12
1.07368e-02	7.489e-12
1.07906e-02	7.602e-12
1.08447e-02	7.717e-12
1.08990e-02	7.834e-12
1.09537e-02	7.953e-12
1.10086e-02	8.074e-12
1.10637e-02	8.196e-12
1.11192e-02	8.320e-12
1.11749e-02	8.446e-12
1.12309e-02	8.574e-12
1.12872e-02	8.704e-12
1.13438e-02	8.836e-12
1.14006e-02	8.970e-12
1.14578e-02	9.106e-12
1.15152e-02	9.244e-12
1.15729e-02	9.384e-12
1.16309e-02	9.527e-12
1.16892e-02	9.671e-12
1.17478e-02	9.817e-12
1.18067e-02	9.966e-12
1.18658e-02	1.012e-11
1.19253e-02	1.027e-11
1.19851e-02	1.043e-11
1.20451e-02	1.058e-11
1.21055e-02	1.074e-11
1.21662e-02	1.091e-11
1.22272e-02	1.107e-11
1.22884e-02	1.124e-11
1.23500e-02	1.141e-11
1.24119e-02	1.158e-11
1.24741e-02	1.176e-11
1.25366e-02	1.194e-11
1.25995e-02	1.212e-11
1.26626e-02	1.230e-11
1.27261e-02	1.249e-11
1.27899e-02	1.268e-11
1.28540e-02	1.287e-11
1.29184e-02	1.307e-11
1.29831e-02	1.326e-11
1.30482e-02	1.346e-11
1.31136e-02	1.367e-11
1.31793e-02	1.388e-11
1.32454e-02	1.409e-11
1.33118e-02	1.430e-11
1.33785e-02	1.452e-11
1.34455e-02	1.474e-11
1.35129e-02	1.496e-11
1.35806e-02	1.519e-11
1.36487e-02	1.542e-11
1.37171e-02	1.565e-11
1.37859e-02	1.589e-11
1.38549e-02	1.613e-11
1.39244e-02	1.637e-11
1.39942e-02	1.662e-11
1.40643e-02	1.687e-11
1.41348e-02	1.712e-11
1.42056e-02	1.737e-11
1.42768e-02	1.763e-11
1.43484e-02	1.789e-11
1.44203e-02	1.816e-11
1.44926e-02	1.843e-11
1.45652e-02	1.870e-11
1.46382e-02	1.898e-11
1.47116e-02	1.926e-11
1.47853e-02	1.955e-11
1.48594e-02	1.984e-11
1.49339e-02	2.013e-11
1.50087e-02	2.043e-11
1.50839e-02	2.074e-11
1.51595e-02	2.104e-11
1.52355e-02	2.136e-11
1.53119e-02	2.167e-11
1.53886e-02	2.200e-11
1.54657e-02	2.232e-11
1.55433e-02	2.266e-11
1.56211e-02	2.299e-11
1.56994e-02	2.333e-11
1.57781e-02	2.368e-11
1.58572e-02	2.403e-11
1.59367e-02	2.439e-11
1.60165e-02	2.475e-11
1.60968e-02	2.512e-11
1.61775e-02	2.549e-11
1.62586e-02	2.587e-11
1.63401e-02	2.625e-11
1.64220e-02	2.664e-11
1.65043e-02	2.704e-11
1.65870e-02	2.744e-11
1.66701e-02	2.785e-11
1.67537e-02	2.826e-11
1.68376e-02	2.868e-11
1.69220e-02	2.911e-11
1.70068e-02	2.954e-11
1.70921e-02	2.998e-11
1.71777e-02	3.043e-11
1.72638e-02	3.088e-11
1.73503e-02	3.134e-11
1.74373e-02	3.180e-11
1.75247e-02	3.227e-11
1.76125e-02	3.275e-11
1.77008e-02	3.324e-11
1.77895e-02	3.373e-11
1.78787e-02	3.423e-11
1.79683e-02	3.474e-11
1.80583e-02	3.526e-11
1.81488e-02	3.578e-11
1.82398e-02	3.632e-11
1.83312e-02	3.686e-11
1.84231e-02	3.741e-11
1.85154e-02	3.797e-11
1.86082e-02	3.854e-11
1.87015e-02	3.912e-11
1.87952e-02	3.971e-11
1.88894e-02	4.030e-11
1.89840e-02	4.090e-11
1.90792e-02	4.152e-11
1.91748e-02	4.214e-11
1.92709e-02	4.277e-11
1.93675e-02	4.341e-11
1.94646e-02	4.406e-11
1.95621e-02	4.472e-11
1.96602e-02	4.539e-11
1.97587e-02	4.607e-11
1.98577e-02	4.676e-11
1.99572e-02	4.747e-11
2.00573e-02	4.818e-11
2.01578e-02	4.890e-11
2.02588e-02	4.963e-11
2.03604e-02	5.038e-11
2.04624e-02	5.113e-11
2.05650e-02	5.190e-11
2.06680e-02	5.267e-11
2.07716e-02	5.346e-11
2.08757e-02	5.427e-11
2.09803e-02	5.508e-11
2.10855e-02	5.590e-11
2.11912e-02	5.674e-11
2.12974e-02	5.759e-11
2.14041e-02	5.846e-11
2.15114e-02	5.933e-11
2.16192e-02	6.022e-11
2.17275e-02	6.112e-11
2.18364e-02	6.204e-11
2.19459e-02	6.297e-11
2.20559e-02	6.391e-11
2.21664e-02	6.487e-11
2.22775e-02	6.584e-11
2.23892e-02	6.683e-11
2.25014e-02	6.783e-11
2.26141e-02	6.885e-11
2.27275e-02	6.988e-11
2.28414e-02	7.093e-11
2.29559e-02	7.199e-11
2.30709e-02	7.307e-11
2.31865e-02	7.416e-11
2.33027e-02	7.528e-11
2.34195e-02	7.640e-11
2.35369e-02	7.755e-11
2.36549e-02	7.871e-11
2.37734e-02	7.989e-11
2.38926e-02	8.109e-11
2.40123e-02	8.230e-11
2.41327e-02	8.354e-11
2.42536e-02	8.479e-11
2.43752e-02	8.606e-11
2.44973e-02	8.735e-11
2.46201e-02	8.866e-11
2.47435e-02	8.999e-11
2.48675e-02	9.134e-11
2.49921e-02	9.271e-11
2.51174e-02	9.410e-11
2.52433e-02	9.551e-11
2.53698e-02	9.694e-11
2.54970e-02	9.839e-11
2.56247e-02	9.986e-11
2.57532e-02	1.014e-10
2.58822e-02	1.029e-10
2.60120e-02	1.044e-10
2.61423e-02	1.060e-10
2.62733e-02	1.076e-10
2.64050e-02	1.092e-10
2.65374e-02	1.108e-10
2.66704e-02	1.125e-10
2.68040e-02	1.142e-10
2.69384e-02	1.159e-10
2.70734e-02	1.176e-10
2.72091e-02	1.194e-10
2.73454e-02	1.212e-10
2.74825e-02	1.230e-10
2.76202e-02	1.248e-10
2.77586e-02	1.267e-10
2.78978e-02	1.286e-10
2.80376e-02	1.305e-10
2.81781e-02	1.325e-10
2.83193e-02	1.345e-10
2.84613e-02	1.365e-10
2.86039e-02	1.385e-10
2.87473e-02	1.406e-10
2.88913e-02	1.427e-10
2.90361e-02	1.449e-10
2.91817e-02	1.470e-10
2.93279e-02	1.492e-10
2.94749e-02	1.515e-10
2.96226e-02	1.537e-10
2.97711e-02	1.560e-10
2.99203e-02	1.584e-10
3.00702e-02	1.608e-10
3.02210e-02	1.632e-10
3.03724e-02	1.656e-10
3.05246e-02	1.681e-10
3.06776e-02	1.706e-10
3.08314e-02	1.732e-10
3.09859e-02	1.758e-10
3.11412e-02	1.784e-10
3.12973e-02	1.811e-10
3.14541e-02	1.838e-10
3.16118e-02	1.865e-10
3.17702e-02	1.893e-10
3.19294e-02	1.922e-10
3.20895e-02	1.950e-10
3.22503e-02	1.980e-10
3.24119e-02	2.009e-10
3.25744e-02	2.040e-10
3.27376e-02	2.070e-10
3.29017e-02	2.101e-10
3.30666e-02	2.133e-10
3.32323e-02	2.165e-10
3.33989e-02	2.197e-10
3.35663e-02	2.230e-10
3.37345e-02	2.263e-10
3.39036e-02	2.297e-10
3.40735e-02	2.332e-10
3.42442e-02	2.367e-10
3.44159e-02	2.402e-10
3.45884e-02	2.438e-10
3.47617e-02	2.475e-10
3.49359e-02	2.512e-10
3.51110e-02	2.549e-10
3.52870e-02	2.588e-10
3.54638e-02	2.626e-10
3.56416e-02	2.666e-10
3.58202e-02	2.706e-10
3.59997e-02	2.746e-10
3.61802e-02	2.787e-10
3.63615e-02	2.829e-10
3.65437e-02	2.872e-10
3.67269e-02	2.915e-10
3.69110e-02	2.958e-10
3.70959e-02	3.003e-10
3.72819e-02	3.048e-10
3.74687e-02	3.093e-10
3.76565e-02	3.140e-10
3.78452e-02	3.187e-10
3.80349e-02	3.235e-10
3.82255e-02	3.283e-10
3.84171e-02	3.332e-10
3.86096e-02	3.382e-10
3.88032e-02	3.433e-10
3.89976e-02	3.484e-10
3.91931e-02	3.536e-10
3.93895e-02	3.589e-10
3.95869e-02	3.643e-10
3.97853e-02	3.698e-10
3.99847e-02	3.753e-10
4.01851e-02	3.810e-10
4.03865e-02	3.867e-10
4.05889e-02	3.925e-10
4.07924e-02	3.983e-10
4.09968e-02	4.043e-10
4.12023e-02	4.104e-10
4.14088e-02	4.165e-10
4.16163e-02	4.228e-10
4.18249e-02	4.291e-10
4.20345e-02	4.355e-10
4.22452e-02	4.421e-10
4.24569e-02	4.487e-10
4.26697e-02	4.554e-10
4.28835e-02	4.622e-10
4.30985e-02	4.692e-10
4.33145e-02	4.762e-10
4.35315e-02	4.833e-10
4.37497e-02	4.906e-10
4.39690e-02	4.979e-10
4.41893e-02	5.054e-10
4.44108e-02	5.130e-10
4.46334e-02	5.207e-10
4.48571e-02	5.285e-10
4.50819e-02	5.364e-10
4.53078e-02	5.444e-10
4.55349e-02	5.526e-10
4.57631e-02	5.609e-10
4.59925e-02	5.693e-10
4.62230e-02	5.778e-10
4.64547e-02	5.865e-10
4.66875e-02	5.952e-10
4.69215e-02	6.042e-10
4.71566e-02	6.132e-10
4.73930e-02	6.224e-10
4.76305e-02	6.317e-10
4.78692e-02	6.412e-10
4.81091e-02	6.508e-10
4.83503e-02	6.606e-10
4.85926e-02	6.705e-10
4.88361e-02	6.805e-10
4.90809e-02	6.907e-10
4.93269e-02	7.011e-10
4.95741e-02	7.116e-10
4.98225e-02	7.222e-10
5.00722e-02	7.331e-10
5.03232e-02	7.441e-10
5.05754e-02	7.552e-10
5.08289e-02	7.665e-10
5.10836e-02	7.780e-10
5.13396e-02	7.897e-10
5.15970e-02	8.015e-10
5.18555e-02	8.135e-10
5.21154e-02	8.257e-10
5.23766e-02	8.381e-10
5.26391e-02	8.507e-10
5.29030e-02	8.634e-10
5.31681e-02	8.763e-10
5.34346e-02	8.895e-10
5.37024e-02	9.028e-10
5.39715e-02	9.163e-10
5.42420e-02	9.301e-10
5.45139e-02	9.440e-10
5.47871e-02	9.582e-10
5.50617e-02	9.725e-10
5.53376e-02	9.871e-10
5.56150e-02	1.002e-09
5.58937e-02	1.017e-09
5.61738e-02	1.032e-09
5.64554e-02	1.048e-09
5.67383e-02	1.063e-09
5.70227e-02	1.079e-09
5.73085e-02	1.095e-09
5.75957e-02	1.112e-09
5.78843e-02	1.129e-09
5.81744e-02	1.145e-09
5.84660e-02	1.163e-09
5.87590e-02	1.180e-09
5.90535e-02	1.198e-09
5.93495e-02	1.216e-09
5.96469e-02	1.234e-09
5.99459e-02	1.252e-09
6.02463e-02	1.271e-09
6.05483e-02	1.290e-09
6.08517e-02	1.310e-09
6.11567e-02	1.329e-09
6.14632e-02	1.349e-09
6.17712e-02	1.369e-09
6.20808e-02	1.390e-09
6.23920e-02	1.411e-09
6.27047e-02	1.432e-09
6.30189e-02	1.453e-09
6.33348e-02	1.475e-09
6.36522e-02	1.497e-09
6.39712e-02	1.520e-09
6.42918e-02	1.542e-09
6.46140e-02	1.565e-09
6.49379e-02	1.589e-09
6.52633e-02	1.613e-09
6.55904e-02	1.637e-09
6.59192e-02	1.661e-09
6.62495e-02	1.686e-09
6.65816e-02	1.712e-09
6.69153e-02	1.737e-09
6.72506e-02	1.763e-09
6.75877e-02	1.790e-09
6.79264e-02	1.817e-09
6.82669e-02	1.844e-09
6.86090e-02	1.871e-09
6.89529e-02	1.900e-09
6.92984e-02	1.928e-09
6.96457e-02	1.957e-09
6.99948e-02	1.986e-09
7.03456e-02	2.016e-09
7.06982e-02	2.046e-09
7.10525e-02	2.077e-09
7.14086e-02	2.108e-09
7.17665e-02	2.140e-09
7.21262e-02	2.172e-09
7.24876e-02	2.205e-09
7.28509e-02	2.238e-09
7.32161e-02	2.271e-09
7.35830e-02	2.306e-09
7.39518e-02	2.340e-09
7.43224e-02	2.375e-09
7.46949e-02	2.411e-09
7.50693e-02	2.447e-09
7.54455e-02	2.484e-09
7.58236e-02	2.521e-09
7.62036e-02	2.559e-09
7.65856e-02	2.597e-09
7.69694e-02	2.636e-09
7.73552e-02	2.676e-09
7.77428e-02	2.716e-09
7.81325e-02	2.757e-09
7.85241e-02	2.798e-09
7.89176e-02	2.840e-09
7.93131e-02	2.883e-09
7.97106e-02	2.926e-09
8.01101e-02	2.970e-09
8.05116e-02	3.015e-09
8.09152e-02	3.060e-09
8.13207e-02	3.106e-09
8.17282e-02	3.153e-09
8.21379e-02	3.200e-09
8.25495e-02	3.248e-09
8.29632e-02	3.297e-09
8.33790e-02	3.346e-09
8.37969e-02	3.396e-09
8.42169e-02	3.447e-09
8.46390e-02	3.499e-09
8.50632e-02	3.552e-09
8.54895e-02	3.605e-09
8.59180e-02	3.659e-09
8.63486e-02	3.714e-09
8.67813e-02	3.770e-09
8.72163e-02	3.826e-09
8.76534e-02	3.884e-09
8.80927e-02	3.942e-09
8.85342e-02	3.998e-09
8.89779e-02	4.055e-09
8.94239e-02	4.112e-09
8.98720e-02	4.171e-09
9.03224e-02	4.230e-09
9.07751e-02	4.290e-09
9.12301e-02	4.351e-09
9.16873e-02	4.413e-09
9.21468e-02	4.475e-09
9.26087e-02	4.539e-09
9.30728e-02	4.603e-09
9.35393e-02	4.669e-09
9.40081e-02	4.735e-09
9.44792e-02	4.802e-09
9.49527e-02	4.870e-09
9.54286e-02	4.939e-09
9.59069e-02	5.010e-09
9.63876e-02	5.081e-09
9.68706e-02	5.153e-09
9.73561e-02	5.226e-09
9.78441e-02	5.300e-09
9.83345e-02	5.375e-09
9.88273e-02	5.452e-09
9.93226e-02	5.529e-09
9.98204e-02	5.608e-09
1.00321e-01	5.687e-09
1.00823e-01	5.768e-09
1.01329e-01	5.850e-09
1.01837e-01	5.933e-09
1.02347e-01	6.017e-09
1.02860e-01	6.103e-09
1.03375e-01	6.190e-09
1.03894e-01	6.277e-09
1.04414e-01	6.367e-09
1.04938e-01	6.457e-09
1.05463e-01	6.549e-09
1.05992e-01	6.642e-09
1.06523e-01	6.736e-09
1.07057e-01	6.832e-09
1.07594e-01	6.929e-09
1.08133e-01	7.027e-09
1.08675e-01	7.127e-09
1.09220e-01	7.228e-09
1.09767e-01	7.331e-09
1.10317e-01	7.435e-09
1.10870e-01	7.540e-09
1.11426e-01	7.647e-09
1.11984e-01	7.756e-09
1.12545e-01	7.866e-09
1.13109e-01	7.978e-09
1.13676e-01	8.091e-09
1.14246e-01	8.206e-09
1.14819e-01	8.323e-09
1.15394e-01	8.441e-09
1.15972e-01	8.561e-09
1.16554e-01	8.682e-09
1.17138e-01	8.805e-09
1.17725e-01	8.930e-09
1.18315e-01	9.055e-09
1.18908e-01	9.181e-09
1.19504e-01	9.309e-09
1.20103e-01	9.439e-09
1.20705e-01	9.571e-09
1.21310e-01	9.705e-09
1.21918e-01	9.840e-09
1.22529e-01	9.977e-09
1.23143e-01	1.012e-08
1.23760e-01	1.026e-08
1.24380e-01	1.040e-08
1.25003e-01	1.055e-08
1.25630e-01	1.069e-08
1.26260e-01	1.084e-08
1.26892e-01	1.099e-08
1.27528e-01	1.115e-08
1.28168e-01	1.130e-08
1.28810e-01	1.146e-08
1.29455e-01	1.162e-08
1.30104e-01	1.178e-08
1.30756e-01	1.195e-08
1.31412e-01	1.211e-08
1.32070e-01	1.228e-08
1.32732e-01	1.246e-08
1.33397e-01	1.263e-08
1.34066e-01	1.281e-08
1.34738e-01	1.298e-08
1.35413e-01	1.317e-08
1.36092e-01	1.335e-08
1.36774e-01	1.354e-08
1.37459e-01	1.372e-08
1.38148e-01	1.392e-08
1.38841e-01	1.411e-08
1.39537e-01	1.431e-08
1.40236e-01	1.451e-08
1.40939e-01	1.471e-08
1.41645e-01	1.491e-08
1.42355e-01	1.512e-08
1.43068e-01	1.533e-08
1.43785e-01	1.555e-08
1.44506e-01	1.577e-08
1.45230e-01	1.599e-08
1.45958e-01	1.621e-08
1.46690e-01	1.643e-08
1.47425e-01	1.666e-08
1.48164e-01	1.690e-08
1.48906e-01	1.713e-08
1.49653e-01	1.737e-08
1.50403e-01	1.761e-08
1.51156e-01	1.786e-08
1.51914e-01	1.811e-08
1.52675e-01	1.836e-08
1.53441e-01	1.862e-08
1.54210e-01	1.888e-08
1.54983e-01	1.913e-08
1.55759e-01	1.940e-08
1.56540e-01	1.966e-08
1.57324e-01	1.993e-08
1.58113e-01	2.020e-08
1.58905e-01	2.048e-08
1.59702e-01	2.076e-08
1.60502e-01	2.104e-08
1.61307e-01	2.133e-08
1.62115e-01	2.162e-08
1.62928e-01	2.192e-08
1.63744e-01	2.222e-08
1.64565e-01	2.252e-08
1.65390e-01	2.283e-08
1.66218e-01	2.315e-08
1.67051e-01	2.346e-08
1.67889e-01	2.378e-08
1.68730e-01	2.411e-08
1.69576e-01	2.444e-08
1.70426e-01	2.477e-08
1.71280e-01	2.511e-08
1.72138e-01	2.546e-08
1.73001e-01	2.580e-08
1.73868e-01	2.616e-08
1.74739e-01	2.652e-08
1.75615e-01	2.688e-08
1.76495e-01	2.725e-08
1.77380e-01	2.762e-08
1.78269e-01	2.800e-08
1.79162e-01	2.838e-08
1.80060e-01	2.877e-08
1.80963e-01	2.916e-08
1.81870e-01	2.956e-08
1.82781e-01	2.997e-08
1.83697e-01	3.038e-08
1.84618e-01	3.079e-08
1.85543e-01	3.121e-08
1.86473e-01	3.164e-08
1.87408e-01	3.207e-08
1.88347e-01	3.251e-08
1.89291e-01	3.296e-08
1.90240e-01	3.341e-08
1.91193e-01	3.387e-08
1.92151e-01	3.433e-08
1.93114e-01	3.480e-08
1.94082e-01	3.526e-08
1.95055e-01	3.571e-08
1.96032e-01	3.618e-08
1.97015e-01	3.664e-08
1.98002e-01	3.712e-08
1.98995e-01	3.760e-08
1.99992e-01	3.808e-08
2.00994e-01	3.857e-08
2.02002e-01	3.907e-08
2.03014e-01	3.958e-08
2.04032e-01	4.009e-08
2.05054e-01	4.061e-08
2.06082e-01	4.113e-08
2.07115e-01	4.166e-08
2.08153e-01	4.220e-08
2.09196e-01	4.275e-08
2.10244e-01	4.330e-08
2.11298e-01	4.386e-08
2.12357e-01	4.442e-08
2.13421e-01	4.500e-08
2.14491e-01	4.558e-08
2.15566e-01	4.617e-08
2.16646e-01	4.676e-08
2.17732e-01	4.737e-08
2.18823e-01	4.798e-08
2.19920e-01	4.860e-08
2.21022e-01	4.923e-08
2.22130e-01	4.986e-08
2.23243e-01	5.051e-08
2.24362e-01	5.115e-08
2.25487e-01	5.171e-08
2.26617e-01	5.228e-08
2.27753e-01	5.284e-08
2.28894e-01	5.342e-08
2.30041e-01	5.400e-08
2.31194e-01	5.458e-08
2.32353e-01	5.517e-08
2.33517e-01	5.577e-08
2.34688e-01	5.638e-08
2.35864e-01	5.699e-08
2.37046e-01	5.761e-08
2.38234e-01	5.823e-08
2.39428e-01	5.886e-08
2.40628e-01	5.950e-08
2.41834e-01	6.015e-08
2.43046e-01	6.080e-08
2.44264e-01	6.146e-08
2.45488e-01	6.213e-08
2.46719e-01	6.280e-08
2.47955e-01	6.348e-08
2.49217e-01	6.418e-08
2.50466e-01	6.487e-08
2.51712e-01	6.558e-08
2.52964e-01	6.628e-08
2.54231e-01	6.700e-08
2.55506e-01	6.773e-08
2.56786e-01	6.847e-08
2.58073e-01	6.921e-08
2.59366e-01	6.996e-08
2.60666e-01	7.072e-08
2.61973e-01	7.149e-08
2.63286e-01	7.226e-08
2.64605e-01	7.304e-08
2.65931e-01	7.384e-08
2.67264e-01	7.464e-08
2.68604e-01	7.545e-08
2.69950e-01	7.627e-08
2.71303e-01	7.709e-08
2.72663e-01	7.793e-08
2.74029e-01	7.878e-08
2.75403e-01	7.966e-08
2.76783e-01	8.066e-08
2.78170e-01	8.167e-08
2.79564e-01	8.270e-08
2.80965e-01	8.374e-08
2.82373e-01	8.479e-08
2.83789e-01	8.585e-08
2.85211e-01	8.693e-08
2.86640e-01	8.802e-08
2.88077e-01	8.913e-08
2.89521e-01	9.025e-08
2.90972e-01	9.138e-08
2.92430e-01	9.253e-08
2.93896e-01	9.369e-08
2.95369e-01	9.487e-08
2.96849e-01	9.606e-08
2.98337e-01	9.727e-08
2.99832e-01	9.849e-08
3.01335e-01	9.973e-08
3.02845e-01	1.010e-07
3.04363e-01	1.022e-07
3.05888e-01	1.035e-07
3.07421e-01	1.048e-07
3.08962e-01	1.062e-07
3.10510e-01	1.075e-07
3.12067e-01	1.088e-07
3.13631e-01	1.102e-07
3.15203e-01	1.116e-07
3.16782e-01	1.130e-07
3.18370e-01	1.144e-07
3.19966e-01	1.158e-07
3.21569e-01	1.173e-07
3.23181e-01	1.188e-07
3.24801e-01	1.203e-07
3.26428e-01	1.218e-07
3.28064e-01	1.233e-07
3.29709e-01	1.249e-07
3.31361e-01	1.264e-07
3.33022e-01	1.280e-07
3.34691e-01	1.296e-07
3.36368e-01	1.313e-07
3.38054e-01	1.329e-07
3.39748e-01	1.346e-07
3.41451e-01	1.363e-07
3.43162e-01	1.380e-07
3.44882e-01	1.397e-07
3.46611e-01	1.415e-07
3.48348e-01	1.432e-07
3.50094e-01	1.450e-07
3.51848e-01	1.469e-07
3.53612e-01	1.487e-07
3.55384e-01	1.506e-07
3.57165e-01	1.522e-07
3.58955e-01	1.539e-07
3.60754e-01	1.555e-07
3.62562e-01	1.572e-07
3.64379e-01	1.589e-07
3.66206e-01	1.606e-07
3.68041e-01	1.624e-07
3.69885e-01	1.641e-07
3.71739e-01	1.659e-07
3.73602e-01	1.677e-07
3.75475e-01	1.695e-07
3.77357e-01	1.713e-07
3.79248e-01	1.732e-07
3.81149e-01	1.750e-07
3.83059e-01	1.769e-07
3.84979e-01	1.788e-07
3.86908e-01	1.808e-07
3.88847e-01	1.827e-07
3.90796e-01	1.847e-07
3.92755e-01	1.867e-07
3.94723e-01	1.887e-07
3.96701e-01	1.907e-07
3.98690e-01	1.928e-07
4.00688e-01	1.949e-07
4.02696e-01	1.970e-07
4.04714e-01	1.991e-07
4.06743e-01	2.012e-07
4.08781e-01	2.034e-07
4.10830e-01	2.056e-07
4.12889e-01	2.078e-07
4.14958e-01	2.101e-07
4.17038e-01	2.123e-07
4.19128e-01	2.146e-07
4.21229e-01	2.169e-07
4.23340e-01	2.193e-07
4.25461e-01	2.216e-07
4.27594e-01	2.240e-07
4.29737e-01	2.264e-07
4.31891e-01	2.289e-07
4.34055e-01	2.314e-07
4.36231e-01	2.338e-07
4.38417e-01	2.364e-07
4.40614e-01	2.389e-07
4.42822e-01	2.415e-07
4.45042e-01	2.441e-07
4.47272e-01	2.467e-07
4.49514e-01	2.494e-07
4.51767e-01	2.521e-07
4.54031e-01	2.548e-07
4.56307e-01	2.576e-07
4.58593e-01	2.603e-07
4.60892e-01	2.631e-07
4.63202e-01	2.660e-07
4.65523e-01	2.689e-07
4.67856e-01	2.718e-07
4.70201e-01	2.746e-07
4.72558e-01	2.772e-07
4.74926e-01	2.798e-07
4.77306e-01	2.825e-07
4.79699e-01	2.852e-07
4.82103e-01	2.879e-07
4.84519e-01	2.906e-07
4.86947e-01	2.934e-07
4.89388e-01	2.962e-07
4.91841e-01	2.990e-07
4.94306e-01	3.018e-07
4.96783e-01	3.047e-07
4.99273e-01	3.076e-07
5.01775e-01	3.105e-07
5.04290e-01	3.134e-07
5.06817e-01	3.164e-07
5.09357e-01	3.194e-07
5.11910e-01	3.224e-07
5.14476e-01	3.255e-07
5.17054e-01	3.286e-07
5.19646e-01	3.317e-07
5.22250e-01	3.348e-07
5.24867e-01	3.380e-07
5.27498e-01	3.412e-07
5.30142e-01	3.445e-07
5.32799e-01	3.477e-07
5.35469e-01	3.510e-07
5.38153e-01	3.543e-07
5.40850e-01	3.577e-07
5.43560e-01	3.611e-07
5.46285e-01	3.645e-07
5.49023e-01	3.680e-07
5.51774e-01	3.715e-07
5.54540e-01	3.750e-07
5.57319e-01	3.786e-07
5.60112e-01	3.821e-07
5.62919e-01	3.858e-07
5.65740e-01	3.894e-07
5.68576e-01	3.931e-07
5.71425e-01	3.969e-07
5.74289e-01	4.006e-07
5.77168e-01	4.044e-07
5.80060e-01	4.083e-07
5.82967e-01	4.121e-07
5.85889e-01	4.160e-07
5.88826e-01	4.200e-07
5.91777e-01	4.240e-07
5.94743e-01	4.280e-07
5.97723e-01	4.321e-07
6.00719e-01	4.361e-07
6.03730e-01	4.403e-07
6.06755e-01	4.445e-07
6.09796e-01	4.487e-07
6.12853e-01	4.529e-07
6.15924e-01	4.572e-07
6.19011e-01	4.616e-07
6.22113e-01	4.659e-07
6.25231e-01	4.704e-07
6.28365e-01	4.748e-07
6.31514e-01	4.793e-07
6.34679e-01	4.839e-07
6.37860e-01	4.873e-07
6.41057e-01	4.899e-07
6.44270e-01	4.925e-07
6.47499e-01	4.952e-07
6.50744e-01	4.979e-07
6.54005e-01	5.006e-07
6.57283e-01	5.033e-07
6.60577e-01	5.060e-07
6.63888e-01	5.087e-07
6.67215e-01	5.115e-07
6.70559e-01	5.143e-07
6.73920e-01	5.170e-07
6.77298e-01	5.198e-07
6.80692e-01	5.226e-07
6.84104e-01	5.255e-07
6.87532e-01	5.283e-07
6.90978e-01	5.312e-07
6.94441e-01	5.340e-07
6.97922e-01	5.369e-07
7.01419e-01	5.398e-07
7.04935e-01	5.427e-07
7.08468e-01	5.457e-07
7.12019e-01	5.486e-07
7.15587e-01	5.516e-07
7.19173e-01	5.546e-07
7.22778e-01	5.576e-07
7.26400e-01	5.606e-07
7.30041e-01	5.636e-07
7.33700e-01	5.667e-07
7.37377e-01	5.697e-07
7.41073e-01	5.728e-07
7.44787e-01	5.759e-07
7.48519e-01	5.790e-07
7.52271e-01	5.822e-07
7.56041e-01	5.853e-07
7.59830e-01	5.885e-07
7.63638e-01	5.916e-07
7.67466e-01	5.948e-07
7.71312e-01	5.980e-07
7.75178e-01	6.013e-07
7.79063e-01	6.045e-07
7.82967e-01	6.077e-07
7.86891e-01	6.110e-07
7.90835e-01	6.143e-07
7.94799e-01	6.176e-07
7.98782e-01	6.209e-07
8.02786e-01	6.243e-07
8.06809e-01	6.276e-07
8.10853e-01	6.310e-07
8.14916e-01	6.344e-07
8.19001e-01	6.378e-07
8.23105e-01	6.412e-07
8.27231e-01	6.447e-07
8.31377e-01	6.481e-07
8.35543e-01	6.516e-07
8.39731e-01	6.551e-07
8.43939e-01	6.586e-07
8.48169e-01	6.622e-07
8.52420e-01	6.657e-07
8.56692e-01	6.693e-07
8.60986e-01	6.729e-07
8.65301e-01	6.765e-07
8.69638e-01	6.802e-07
8.73996e-01	6.838e-07
8.78376e-01	6.875e-07
8.82779e-01	6.912e-07
8.87203e-01	6.949e-07
8.91650e-01	6.986e-07
8.96118e-01	7.024e-07
9.00610e-01	7.062e-07
9.05123e-01	7.100e-07
9.09660e-01	7.138e-07
9.14219e-01	7.176e-07
9.18801e-01	7.215e-07
9.23405e-01	7.254e-07
9.28033e-01	7.293e-07
9.32685e-01	7.332e-07
9.37359e-01	7.371e-07
9.42057e-01	7.411e-07
9.46778e-01	7.451e-07
9.51523e-01	7.491e-07
9.56292e-01	7.531e-07
9.61085e-01	7.572e-07
9.65902e-01	7.612e-07
9.70743e-01	7.315e-07
9.75608e-01	6.320e-07
9.80498e-01	5.443e-07
9.85412e-01	4.687e-07
9.90350e-01	4.052e-07
9.96143e-01	3.581e-07
1.00113e+00	3.177e-07
1.00573e+00	2.818e-07
1.01035e+00	2.499e-07
1.01542e+00	2.217e-07
1.02051e+00	1.968e-07
1.02562e+00	1.814e-07
1.03076e+00	1.793e-07
1.03593e+00	1.776e-07
1.04112e+00	1.758e-07
1.04634e+00	1.740e-07
1.05158e+00	1.723e-07
1.05685e+00	1.706e-07
1.06215e+00	1.689e-07
1.06747e+00	1.672e-07
1.07282e+00	1.660e-07
1.07820e+00	1.662e-07
1.08360e+00	1.665e-07
1.08903e+00	1.669e-07
1.09449e+00	1.673e-07
1.09998e+00	1.676e-07
1.10549e+00	1.680e-07
1.11103e+00	1.684e-07
1.11660e+00	1.687e-07
1.12219e+00	1.691e-07
1.12782e+00	1.690e-07
1.13347e+00	1.686e-07
1.13915e+00	1.681e-07
1.14486e+00	1.677e-07
1.15060e+00	1.672e-07
1.15637e+00	1.668e-07
1.16216e+00	1.663e-07
1.16799e+00	1.658e-07
1.17384e+00	1.654e-07
1.17972e+00	1.649e-07
1.18564e+00	1.648e-07
1.19158e+00	1.653e-07
1.19755e+00	1.657e-07
1.20355e+00	1.661e-07
1.20958e+00	1.666e-07
1.21565e+00	1.670e-07
1.22174e+00	1.675e-07
1.22786e+00	1.679e-07
1.23402e+00	1.683e-07
1.24020e+00	1.662e-07
1.24642e+00	1.594e-07
1.25266e+00	1.527e-07
1.25894e+00	1.464e-07
1.26525e+00	1.403e-07
1.27159e+00	1.345e-07
1.27796e+00	1.289e-07
1.28437e+00	1.235e-07
1.29081e+00	1.186e-07
1.29728e+00	1.190e-07
1.30378e+00	1.218e-07
1.31031e+00	1.246e-07
1.31688e+00	1.275e-07
1.32348e+00	1.304e-07
1.33011e+00	1.335e-07
1.33678e+00	1.366e-07
1.34348e+00	1.397e-07
1.35021e+00	1.430e-07
1.35698e+00	1.460e-07
1.36378e+00	1.459e-07
1.37061e+00	1.448e-07
1.37748e+00	1.438e-07
1.38439e+00	1.427e-07
1.39133e+00	1.416e-07
1.39830e+00	1.406e-07
1.40531e+00	1.396e-07
1.41235e+00	1.385e-07
1.41943e+00	1.375e-07
1.42654e+00	1.357e-07
1.43369e+00	1.326e-07
1.44088e+00	1.296e-07
1.44810e+00	1.266e-07
1.45536e+00	1.237e-07
1.46265e+00	1.209e-07
1.46998e+00	1.182e-07
1.47735e+00	1.155e-07
1.48475e+00	1.129e-07
1.49219e+00	1.118e-07
1.49967e+00	1.128e-07
1.50719e+00	1.138e-07
1.51474e+00	1.148e-07
1.52233e+00	1.158e-07
1.52996e+00	1.168e-07
1.53763e+00	1.179e-07
1.54534e+00	1.189e-07
1.55308e+00	1.197e-07
1.56087e+00	1.192e-07
1.56869e+00	1.186e-07
1.57655e+00	1.180e-07
1.58445e+00	1.175e-07
1.59239e+00	1.169e-07
1.60038e+00	1.163e-07
1.60840e+00	1.157e-07
1.61646e+00	1.141e-07
1.62456e+00	1.084e-07
1.63270e+00	1.026e-07
1.64088e+00	9.708e-08
1.64911e+00	9.186e-08
1.65737e+00	8.692e-08
1.66568e+00	8.224e-08
1.67403e+00	7.782e-08
1.68242e+00	7.363e-08
1.69085e+00	7.210e-08
1.69932e+00	7.429e-08
1.70784e+00	7.658e-08
1.71640e+00	7.895e-08
1.72500e+00	8.139e-08
1.73365e+00	8.391e-08
1.74234e+00	8.650e-08
1.75107e+00	8.918e-08
1.75984e+00	9.193e-08
1.76866e+00	8.437e-08
1.77753e+00	5.990e-08
1.78644e+00	4.238e-08
1.79539e+00	2.998e-08
1.80439e+00	2.276e-08
1.81343e+00	1.920e-08
1.82252e+00	1.623e-08
1.83165e+00	1.372e-08
1.84083e+00	1.161e-08
1.85006e+00	1.065e-08
1.85933e+00	1.039e-08
1.86865e+00	1.013e-08
1.87802e+00	9.876e-09
1.88743e+00	9.630e-09
1.89689e+00	9.390e-09
1.90640e+00	9.156e-09
1.91595e+00	8.928e-09
1.92555e+00	8.706e-09
1.93520e+00	8.500e-09
1.94490e+00	8.310e-09
1.95465e+00	8.124e-09
1.96445e+00	7.943e-09
1.97429e+00	7.766e-09
1.98419e+00	7.592e-09
1.99413e+00	7.423e-09
2.00412e+00	7.257e-09
2.01417e+00	7.095e-09
2.02426e+00	6.936e-09
2.03441e+00	6.781e-09
2.04461e+00	6.629e-09
2.05485e+00	6.449e-09
2.06515e+00	6.258e-09
2.07550e+00	6.073e-09
2.08590e+00	5.893e-09
2.09636e+00	5.719e-09
2.10686e+00	5.550e-09
2.11742e+00	5.385e-09
2.12804e+00	5.226e-09
2.13870e+00	5.071e-09
2.14942e+00	4.947e-09
2.16019e+00	4.851e-09
2.17102e+00	4.758e-09
2.18190e+00	4.666e-09
2.19283e+00	4.574e-09
2.20382e+00	4.433e-09
2.21487e+00	4.275e-09
2.22597e+00	4.123e-09
2.23713e+00	3.976e-09
2.24834e+00	3.834e-09
2.25961e+00	3.698e-09
2.27093e+00	3.566e-09
2.28231e+00	3.407e-09
2.29375e+00	3.205e-09
2.30525e+00	3.014e-09
2.31680e+00	2.834e-09
2.32841e+00	2.666e-09
2.34008e+00	2.507e-09
2.35181e+00	2.358e-09
2.36360e+00	2.217e-09
2.37544e+00	2.089e-09
2.38735e+00	1.980e-09
2.39931e+00	1.876e-09
2.41134e+00	1.779e-09
2.42342e+00	1.686e-09
2.43557e+00	1.634e-09
2.44778e+00	1.625e-09
2.46004e+00	1.617e-09
2.47237e+00	1.609e-09
2.48476e+00	1.601e-09
2.49722e+00	1.561e-09
2.50973e+00	1.371e-09
2.52231e+00	1.188e-09
2.53495e+00	1.030e-09
2.54766e+00	8.922e-10
2.56043e+00	7.709e-10
2.57326e+00	6.528e-10
2.58616e+00	5.520e-10
2.59912e+00	4.761e-10
2.61214e+00	4.321e-10
2.62524e+00	3.935e-10
2.63839e+00	3.583e-10
2.65162e+00	3.263e-10
2.66490e+00	2.983e-10
2.67826e+00	2.777e-10
2.69168e+00	2.594e-10
2.70517e+00	2.423e-10
2.71873e+00	2.263e-10
2.73236e+00	2.114e-10
2.74605e+00	1.975e-10
2.75981e+00	1.845e-10
2.77365e+00	1.723e-10
2.78755e+00	1.609e-10
2.80152e+00	1.500e-10
2.81556e+00	1.351e-10
2.82967e+00	1.205e-10
2.84385e+00	1.075e-10
2.85810e+00	9.585e-11
2.87243e+00	8.549e-11
2.88683e+00	7.624e-11
2.90129e+00	6.800e-11
2.91583e+00	6.064e-11
2.93045e+00	5.409e-11
2.94514e+00	4.826e-11
2.95990e+00	4.301e-11
2.97473e+00	3.835e-11
2.98964e+00	3.419e-11
3.00462e+00	3.049e-11
3.01968e+00	2.718e-11
3.03482e+00	2.375e-11
3.05003e+00	2.024e-11
3.06531e+00	1.727e-11
3.08067e+00	1.473e-11
3.09611e+00	1.257e-11
3.11163e+00	1.092e-11
3.12723e+00	1.022e-11
3.14290e+00	9.641e-12
3.15865e+00	9.097e-12
3.17448e+00	8.584e-12
3.19039e+00	8.100e-12
3.20638e+00	7.643e-12
3.22245e+00	7.120e-12
3.23860e+00	6.327e-12
3.25483e+00	5.604e-12
3.27115e+00	4.963e-12
3.28754e+00	4.396e-12
3.30402e+00	3.893e-12
3.32058e+00	3.493e-12
3.33722e+00	3.186e-12
3.35394e+00	2.907e-12
3.37075e+00	2.653e-12
3.38765e+00	2.421e-12
3.40463e+00	2.209e-12
3.42169e+00	2.011e-12
3.43884e+00	1.725e-12
3.45607e+00	1.446e-12
3.47339e+00	1.212e-12
3.49080e+00	1.016e-12
3.50830e+00	8.584e-13
3.52588e+00	7.400e-13
3.54355e+00	6.394e-13
3.56131e+00	5.567e-13
3.57916e+00	4.981e-13
3.59710e+00	4.474e-13
3.61513e+00	4.022e-13
3.63324e+00	3.624e-13
3.65145e+00	3.269e-13
3.66975e+00	2.949e-13
3.68815e+00	2.660e-13
3.70663e+00	2.399e-13
3.72521e+00	2.164e-13
3.74388e+00	1.954e-13
3.76264e+00	1.794e-13
3.78150e+00	1.664e-13
3.80045e+00	1.544e-13
3.81950e+00	1.432e-13
3.84202e+00	1.329e-13
3.86126e+00	1.233e-13
3.87891e+00	1.143e-13
3.89665e+00	1.037e-13
3.91618e+00	8.581e-14
3.93580e+00	7.047e-14
3.95553e+00	6.018e-14
3.98271e+00	4.913e-14
3.98279e+00     1.000e-99
