1.00351e-08	1.055e-30 nuFnu extrapolate
1.00853e-08	1.071e-30
1.01359e-08	1.087e-30
1.01867e-08	1.103e-30
1.02377e-08	1.120e-30
1.02891e-08	1.137e-30
1.03406e-08	1.154e-30
1.03924e-08	1.172e-30
1.04445e-08	1.189e-30
1.04969e-08	1.207e-30
1.05495e-08	1.225e-30
1.06024e-08	1.244e-30
1.06555e-08	1.263e-30
1.07089e-08	1.282e-30
1.07626e-08	1.301e-30
1.08165e-08	1.321e-30
1.08707e-08	1.341e-30
1.09252e-08	1.361e-30
1.09800e-08	1.382e-30
1.10350e-08	1.403e-30
1.10903e-08	1.424e-30
1.11459e-08	1.445e-30
1.12017e-08	1.467e-30
1.12579e-08	1.489e-30
1.13143e-08	1.512e-30
1.13710e-08	1.535e-30
1.14280e-08	1.558e-30
1.14853e-08	1.581e-30
1.15428e-08	1.605e-30
1.16007e-08	1.629e-30
1.16588e-08	1.654e-30
1.17173e-08	1.679e-30
1.17760e-08	1.704e-30
1.18350e-08	1.730e-30
1.18943e-08	1.756e-30
1.19539e-08	1.783e-30
1.20138e-08	1.810e-30
1.20741e-08	1.837e-30
1.21346e-08	1.865e-30
1.21954e-08	1.893e-30
1.22565e-08	1.922e-30
1.23179e-08	1.951e-30
1.23797e-08	1.980e-30
1.24417e-08	2.010e-30
1.25041e-08	2.041e-30
1.25667e-08	2.071e-30
1.26297e-08	2.103e-30
1.26930e-08	2.134e-30
1.27566e-08	2.167e-30
1.28206e-08	2.199e-30
1.28848e-08	2.233e-30
1.29494e-08	2.266e-30
1.30143e-08	2.301e-30
1.30795e-08	2.335e-30
1.31451e-08	2.371e-30
1.32110e-08	2.407e-30
1.32772e-08	2.443e-30
1.33437e-08	2.480e-30
1.34106e-08	2.517e-30
1.34778e-08	2.555e-30
1.35453e-08	2.594e-30
1.36132e-08	2.633e-30
1.36815e-08	2.673e-30
1.37500e-08	2.713e-30
1.38189e-08	2.754e-30
1.38882e-08	2.796e-30
1.39578e-08	2.838e-30
1.40278e-08	2.881e-30
1.40981e-08	2.925e-30
1.41687e-08	2.969e-30
1.42397e-08	3.014e-30
1.43111e-08	3.059e-30
1.43828e-08	3.105e-30
1.44549e-08	3.152e-30
1.45274e-08	3.200e-30
1.46002e-08	3.248e-30
1.46733e-08	3.297e-30
1.47469e-08	3.347e-30
1.48208e-08	3.398e-30
1.48951e-08	3.449e-30
1.49697e-08	3.501e-30
1.50447e-08	3.554e-30
1.51201e-08	3.608e-30
1.51959e-08	3.662e-30
1.52721e-08	3.718e-30
1.53486e-08	3.774e-30
1.54256e-08	3.831e-30
1.55029e-08	3.889e-30
1.55806e-08	3.948e-30
1.56586e-08	4.007e-30
1.57371e-08	4.068e-30
1.58160e-08	4.129e-30
1.58953e-08	4.192e-30
1.59749e-08	4.255e-30
1.60550e-08	4.319e-30
1.61355e-08	4.385e-30
1.62163e-08	4.451e-30
1.62976e-08	4.518e-30
1.63793e-08	4.586e-30
1.64614e-08	4.656e-30
1.65439e-08	4.726e-30
1.66268e-08	4.798e-30
1.67101e-08	4.870e-30
1.67939e-08	4.944e-30
1.68780e-08	5.018e-30
1.69626e-08	5.094e-30
1.70476e-08	5.171e-30
1.71331e-08	5.249e-30
1.72189e-08	5.329e-30
1.73052e-08	5.409e-30
1.73920e-08	5.491e-30
1.74791e-08	5.574e-30
1.75667e-08	5.658e-30
1.76548e-08	5.744e-30
1.77433e-08	5.830e-30
1.78322e-08	5.918e-30
1.79216e-08	6.008e-30
1.80114e-08	6.099e-30
1.81017e-08	6.191e-30
1.81924e-08	6.284e-30
1.82836e-08	6.379e-30
1.83752e-08	6.476e-30
1.84673e-08	6.574e-30
1.85598e-08	6.673e-30
1.86529e-08	6.774e-30
1.87463e-08	6.876e-30
1.88403e-08	6.980e-30
1.89347e-08	7.085e-30
1.90296e-08	7.193e-30
1.91250e-08	7.301e-30
1.92208e-08	7.412e-30
1.93172e-08	7.524e-30
1.94140e-08	7.637e-30
1.95113e-08	7.753e-30
1.96091e-08	7.870e-30
1.97074e-08	7.989e-30
1.98061e-08	8.109e-30
1.99054e-08	8.232e-30
2.00052e-08	8.356e-30
2.01054e-08	8.483e-30
2.02062e-08	8.611e-30
2.03075e-08	8.741e-30
2.04092e-08	8.873e-30
2.05115e-08	9.007e-30
2.06143e-08	9.143e-30
2.07176e-08	9.281e-30
2.08215e-08	9.422e-30
2.09258e-08	9.564e-30
2.10307e-08	9.709e-30
2.11361e-08	9.855e-30
2.12420e-08	1.000e-29
2.13485e-08	1.016e-29
2.14555e-08	1.031e-29
2.15630e-08	1.046e-29
2.16711e-08	1.062e-29
2.17797e-08	1.078e-29
2.18889e-08	1.095e-29
2.19986e-08	1.111e-29
2.21088e-08	1.128e-29
2.22196e-08	1.145e-29
2.23310e-08	1.162e-29
2.24429e-08	1.180e-29
2.25554e-08	1.198e-29
2.26684e-08	1.216e-29
2.27820e-08	1.234e-29
2.28962e-08	1.253e-29
2.30110e-08	1.272e-29
2.31263e-08	1.291e-29
2.32422e-08	1.310e-29
2.33587e-08	1.330e-29
2.34758e-08	1.350e-29
2.35934e-08	1.371e-29
2.37117e-08	1.391e-29
2.38305e-08	1.413e-29
2.39499e-08	1.434e-29
2.40700e-08	1.456e-29
2.41906e-08	1.478e-29
2.43118e-08	1.500e-29
2.44337e-08	1.523e-29
2.45561e-08	1.546e-29
2.46792e-08	1.569e-29
2.48029e-08	1.593e-29
2.49272e-08	1.617e-29
2.50521e-08	1.641e-29
2.51777e-08	1.666e-29
2.53039e-08	1.691e-29
2.54307e-08	1.717e-29
2.55582e-08	1.743e-29
2.56862e-08	1.769e-29
2.58150e-08	1.796e-29
2.59444e-08	1.823e-29
2.60744e-08	1.850e-29
2.62051e-08	1.878e-29
2.63364e-08	1.907e-29
2.64684e-08	1.935e-29
2.66011e-08	1.965e-29
2.67344e-08	1.994e-29
2.68684e-08	2.024e-29
2.70030e-08	2.055e-29
2.71384e-08	2.086e-29
2.72744e-08	2.118e-29
2.74111e-08	2.150e-29
2.75485e-08	2.182e-29
2.76865e-08	2.215e-29
2.78253e-08	2.249e-29
2.79647e-08	2.283e-29
2.81049e-08	2.317e-29
2.82457e-08	2.352e-29
2.83873e-08	2.388e-29
2.85296e-08	2.424e-29
2.86726e-08	2.460e-29
2.88163e-08	2.497e-29
2.89607e-08	2.535e-29
2.91058e-08	2.574e-29
2.92517e-08	2.612e-29
2.93983e-08	2.652e-29
2.95457e-08	2.692e-29
2.96937e-08	2.733e-29
2.98426e-08	2.774e-29
2.99921e-08	2.816e-29
3.01424e-08	2.858e-29
3.02935e-08	2.902e-29
3.04453e-08	2.945e-29
3.05979e-08	2.990e-29
3.07513e-08	3.035e-29
3.09054e-08	3.081e-29
3.10603e-08	3.128e-29
3.12160e-08	3.175e-29
3.13724e-08	3.223e-29
3.15296e-08	3.272e-29
3.16877e-08	3.321e-29
3.18465e-08	3.371e-29
3.20061e-08	3.422e-29
3.21665e-08	3.474e-29
3.23277e-08	3.526e-29
3.24897e-08	3.580e-29
3.26526e-08	3.634e-29
3.28162e-08	3.689e-29
3.29807e-08	3.744e-29
3.31460e-08	3.801e-29
3.33121e-08	3.858e-29
3.34790e-08	3.917e-29
3.36468e-08	3.976e-29
3.38155e-08	4.036e-29
3.39849e-08	4.097e-29
3.41553e-08	4.159e-29
3.43265e-08	4.222e-29
3.44985e-08	4.285e-29
3.46714e-08	4.350e-29
3.48452e-08	4.416e-29
3.50198e-08	4.483e-29
3.51953e-08	4.550e-29
3.53717e-08	4.619e-29
3.55490e-08	4.689e-29
3.57271e-08	4.760e-29
3.59062e-08	4.832e-29
3.60862e-08	4.905e-29
3.62670e-08	4.979e-29
3.64488e-08	5.054e-29
3.66315e-08	5.130e-29
3.68150e-08	5.208e-29
3.69996e-08	5.287e-29
3.71850e-08	5.367e-29
3.73714e-08	5.448e-29
3.75587e-08	5.530e-29
3.77469e-08	5.614e-29
3.79361e-08	5.698e-29
3.81262e-08	5.784e-29
3.83173e-08	5.872e-29
3.85093e-08	5.961e-29
3.87023e-08	6.051e-29
3.88963e-08	6.142e-29
3.90912e-08	6.235e-29
3.92872e-08	6.329e-29
3.94841e-08	6.425e-29
3.96820e-08	6.522e-29
3.98808e-08	6.620e-29
4.00807e-08	6.720e-29
4.02816e-08	6.822e-29
4.04835e-08	6.925e-29
4.06864e-08	7.030e-29
4.08903e-08	7.136e-29
4.10952e-08	7.244e-29
4.13012e-08	7.353e-29
4.15082e-08	7.464e-29
4.17162e-08	7.577e-29
4.19253e-08	7.692e-29
4.21354e-08	7.808e-29
4.23466e-08	7.926e-29
4.25588e-08	8.046e-29
4.27721e-08	8.167e-29
4.29865e-08	8.291e-29
4.32019e-08	8.416e-29
4.34184e-08	8.543e-29
4.36360e-08	8.672e-29
4.38547e-08	8.803e-29
4.40745e-08	8.936e-29
4.42954e-08	9.071e-29
4.45174e-08	9.208e-29
4.47405e-08	9.348e-29
4.49648e-08	9.489e-29
4.51901e-08	9.632e-29
4.54166e-08	9.778e-29
4.56442e-08	9.925e-29
4.58730e-08	1.008e-28
4.61029e-08	1.023e-28
4.63340e-08	1.038e-28
4.65662e-08	1.054e-28
4.67996e-08	1.070e-28
4.70341e-08	1.086e-28
4.72698e-08	1.102e-28
4.75068e-08	1.119e-28
4.77448e-08	1.136e-28
4.79841e-08	1.153e-28
4.82246e-08	1.171e-28
4.84663e-08	1.188e-28
4.87092e-08	1.206e-28
4.89533e-08	1.224e-28
4.91987e-08	1.243e-28
4.94453e-08	1.262e-28
4.96931e-08	1.281e-28
4.99421e-08	1.300e-28
5.01924e-08	1.320e-28
5.04440e-08	1.340e-28
5.06968e-08	1.360e-28
5.09509e-08	1.381e-28
5.12062e-08	1.401e-28
5.14629e-08	1.423e-28
5.17208e-08	1.444e-28
5.19800e-08	1.466e-28
5.22405e-08	1.488e-28
5.25024e-08	1.511e-28
5.27655e-08	1.533e-28
5.30299e-08	1.557e-28
5.32957e-08	1.580e-28
5.35628e-08	1.604e-28
5.38313e-08	1.628e-28
5.41011e-08	1.653e-28
5.43722e-08	1.678e-28
5.46447e-08	1.703e-28
5.49186e-08	1.729e-28
5.51938e-08	1.755e-28
5.54705e-08	1.781e-28
5.57485e-08	1.808e-28
5.60279e-08	1.836e-28
5.63087e-08	1.863e-28
5.65909e-08	1.892e-28
5.68745e-08	1.920e-28
5.71596e-08	1.949e-28
5.74460e-08	1.979e-28
5.77339e-08	2.009e-28
5.80233e-08	2.039e-28
5.83141e-08	2.070e-28
5.86064e-08	2.101e-28
5.89001e-08	2.133e-28
5.91953e-08	2.165e-28
5.94920e-08	2.198e-28
5.97901e-08	2.231e-28
6.00898e-08	2.265e-28
6.03909e-08	2.299e-28
6.06936e-08	2.334e-28
6.09978e-08	2.369e-28
6.13035e-08	2.405e-28
6.16107e-08	2.441e-28
6.19195e-08	2.478e-28
6.22299e-08	2.515e-28
6.25417e-08	2.553e-28
6.28552e-08	2.592e-28
6.31702e-08	2.631e-28
6.34868e-08	2.671e-28
6.38050e-08	2.711e-28
6.41248e-08	2.752e-28
6.44462e-08	2.794e-28
6.47692e-08	2.836e-28
6.50938e-08	2.879e-28
6.54200e-08	2.922e-28
6.57479e-08	2.966e-28
6.60774e-08	3.011e-28
6.64086e-08	3.057e-28
6.67414e-08	3.103e-28
6.70759e-08	3.150e-28
6.74121e-08	3.197e-28
6.77499e-08	3.246e-28
6.80895e-08	3.295e-28
6.84307e-08	3.345e-28
6.87737e-08	3.395e-28
6.91184e-08	3.446e-28
6.94648e-08	3.499e-28
6.98129e-08	3.551e-28
7.01628e-08	3.605e-28
7.05145e-08	3.660e-28
7.08679e-08	3.715e-28
7.12230e-08	3.771e-28
7.15800e-08	3.828e-28
7.19388e-08	3.886e-28
7.22993e-08	3.945e-28
7.26617e-08	4.004e-28
7.30258e-08	4.065e-28
7.33918e-08	4.126e-28
7.37596e-08	4.188e-28
7.41293e-08	4.252e-28
7.45008e-08	4.316e-28
7.48742e-08	4.381e-28
7.52495e-08	4.447e-28
7.56266e-08	4.515e-28
7.60056e-08	4.583e-28
7.63866e-08	4.652e-28
7.67694e-08	4.722e-28
7.71542e-08	4.794e-28
7.75409e-08	4.866e-28
7.79295e-08	4.940e-28
7.83200e-08	5.014e-28
7.87126e-08	5.090e-28
7.91071e-08	5.167e-28
7.95035e-08	5.245e-28
7.99020e-08	5.324e-28
8.03024e-08	5.405e-28
8.07049e-08	5.486e-28
8.11094e-08	5.569e-28
8.15159e-08	5.654e-28
8.19244e-08	5.739e-28
8.23350e-08	5.826e-28
8.27477e-08	5.914e-28
8.31624e-08	6.003e-28
8.35792e-08	6.094e-28
8.39981e-08	6.186e-28
8.44191e-08	6.279e-28
8.48422e-08	6.374e-28
8.52674e-08	6.471e-28
8.56947e-08	6.568e-28
8.61242e-08	6.668e-28
8.65559e-08	6.768e-28
8.69897e-08	6.871e-28
8.74256e-08	6.974e-28
8.78638e-08	7.080e-28
8.83042e-08	7.187e-28
8.87467e-08	7.295e-28
8.91915e-08	7.406e-28
8.96385e-08	7.518e-28
9.00878e-08	7.631e-28
9.05393e-08	7.746e-28
9.09930e-08	7.864e-28
9.14491e-08	7.982e-28
9.19074e-08	8.103e-28
9.23680e-08	8.225e-28
9.28310e-08	8.350e-28
9.32962e-08	8.476e-28
9.37638e-08	8.604e-28
9.42337e-08	8.734e-28
9.47060e-08	8.866e-28
9.51807e-08	9.000e-28
9.56577e-08	9.136e-28
9.61371e-08	9.274e-28
9.66189e-08	9.414e-28
9.71032e-08	9.556e-28
9.75898e-08	9.701e-28
9.80790e-08	9.847e-28
9.85705e-08	9.996e-28
9.90645e-08	1.015e-27
9.95610e-08	1.030e-27
1.00060e-07	1.046e-27
1.00561e-07	1.061e-27
1.01065e-07	1.077e-27
1.01572e-07	1.094e-27
1.02081e-07	1.110e-27
1.02593e-07	1.127e-27
1.03107e-07	1.144e-27
1.03624e-07	1.161e-27
1.04143e-07	1.179e-27
1.04665e-07	1.197e-27
1.05189e-07	1.215e-27
1.05717e-07	1.233e-27
1.06247e-07	1.252e-27
1.06779e-07	1.271e-27
1.07314e-07	1.290e-27
1.07852e-07	1.309e-27
1.08393e-07	1.329e-27
1.08936e-07	1.349e-27
1.09482e-07	1.370e-27
1.10030e-07	1.390e-27
1.10582e-07	1.411e-27
1.11136e-07	1.433e-27
1.11693e-07	1.454e-27
1.12253e-07	1.476e-27
1.12815e-07	1.499e-27
1.13381e-07	1.521e-27
1.13949e-07	1.544e-27
1.14520e-07	1.568e-27
1.15094e-07	1.591e-27
1.15671e-07	1.615e-27
1.16251e-07	1.640e-27
1.16833e-07	1.665e-27
1.17419e-07	1.690e-27
1.18007e-07	1.715e-27
1.18599e-07	1.741e-27
1.19193e-07	1.767e-27
1.19791e-07	1.794e-27
1.20391e-07	1.821e-27
1.20994e-07	1.849e-27
1.21601e-07	1.877e-27
1.22210e-07	1.905e-27
1.22823e-07	1.934e-27
1.23438e-07	1.963e-27
1.24057e-07	1.993e-27
1.24679e-07	2.023e-27
1.25304e-07	2.053e-27
1.25932e-07	2.084e-27
1.26563e-07	2.116e-27
1.27197e-07	2.148e-27
1.27835e-07	2.180e-27
1.28475e-07	2.213e-27
1.29119e-07	2.247e-27
1.29766e-07	2.281e-27
1.30417e-07	2.315e-27
1.31070e-07	2.350e-27
1.31727e-07	2.386e-27
1.32387e-07	2.422e-27
1.33051e-07	2.458e-27
1.33718e-07	2.496e-27
1.34388e-07	2.533e-27
1.35061e-07	2.571e-27
1.35738e-07	2.610e-27
1.36419e-07	2.650e-27
1.37102e-07	2.690e-27
1.37789e-07	2.730e-27
1.38480e-07	2.772e-27
1.39174e-07	2.814e-27
1.39872e-07	2.856e-27
1.40573e-07	2.899e-27
1.41277e-07	2.943e-27
1.41985e-07	2.988e-27
1.42697e-07	3.033e-27
1.43412e-07	3.079e-27
1.44131e-07	3.125e-27
1.44853e-07	3.172e-27
1.45579e-07	3.220e-27
1.46309e-07	3.269e-27
1.47042e-07	3.318e-27
1.47779e-07	3.368e-27
1.48519e-07	3.419e-27
1.49264e-07	3.471e-27
1.50012e-07	3.523e-27
1.50764e-07	3.577e-27
1.51519e-07	3.631e-27
1.52279e-07	3.686e-27
1.53042e-07	3.741e-27
1.53809e-07	3.798e-27
1.54580e-07	3.855e-27
1.55355e-07	3.913e-27
1.56133e-07	3.973e-27
1.56916e-07	4.033e-27
1.57702e-07	4.094e-27
1.58492e-07	4.155e-27
1.59287e-07	4.218e-27
1.60085e-07	4.282e-27
1.60887e-07	4.347e-27
1.61694e-07	4.412e-27
1.62504e-07	4.479e-27
1.63319e-07	4.547e-27
1.64137e-07	4.615e-27
1.64960e-07	4.685e-27
1.65787e-07	4.756e-27
1.66617e-07	4.828e-27
1.67452e-07	4.901e-27
1.68292e-07	4.975e-27
1.69135e-07	5.050e-27
1.69983e-07	5.126e-27
1.70835e-07	5.204e-27
1.71691e-07	5.282e-27
1.72551e-07	5.362e-27
1.73416e-07	5.443e-27
1.74285e-07	5.526e-27
1.75159e-07	5.609e-27
1.76037e-07	5.694e-27
1.76919e-07	5.780e-27
1.77806e-07	5.867e-27
1.78697e-07	5.956e-27
1.79592e-07	6.046e-27
1.80493e-07	6.137e-27
1.81397e-07	6.230e-27
1.82306e-07	6.324e-27
1.83220e-07	6.420e-27
1.84138e-07	6.517e-27
1.85061e-07	6.615e-27
1.85989e-07	6.715e-27
1.86921e-07	6.817e-27
1.87858e-07	6.920e-27
1.88799e-07	7.024e-27
1.89745e-07	7.130e-27
1.90696e-07	7.238e-27
1.91652e-07	7.347e-27
1.92613e-07	7.458e-27
1.93578e-07	7.571e-27
1.94548e-07	7.686e-27
1.95523e-07	7.802e-27
1.96503e-07	7.920e-27
1.97488e-07	8.039e-27
1.98478e-07	8.161e-27
1.99472e-07	8.284e-27
2.00472e-07	8.409e-27
2.01477e-07	8.536e-27
2.02487e-07	8.665e-27
2.03501e-07	8.796e-27
2.04521e-07	8.929e-27
2.05546e-07	9.064e-27
2.06577e-07	9.201e-27
2.07612e-07	9.340e-27
2.08652e-07	9.481e-27
2.09698e-07	9.624e-27
2.10749e-07	9.770e-27
2.11805e-07	9.918e-27
2.12867e-07	1.007e-26
2.13934e-07	1.022e-26
2.15006e-07	1.037e-26
2.16083e-07	1.053e-26
2.17166e-07	1.069e-26
2.18255e-07	1.085e-26
2.19349e-07	1.102e-26
2.20448e-07	1.118e-26
2.21553e-07	1.135e-26
2.22663e-07	1.152e-26
2.23779e-07	1.170e-26
2.24901e-07	1.187e-26
2.26028e-07	1.205e-26
2.27161e-07	1.223e-26
2.28299e-07	1.242e-26
2.29443e-07	1.261e-26
2.30593e-07	1.280e-26
2.31749e-07	1.299e-26
2.32911e-07	1.319e-26
2.34078e-07	1.339e-26
2.35251e-07	1.359e-26
2.36430e-07	1.379e-26
2.37615e-07	1.400e-26
2.38806e-07	1.421e-26
2.40003e-07	1.443e-26
2.41206e-07	1.465e-26
2.42415e-07	1.487e-26
2.43629e-07	1.509e-26
2.44850e-07	1.532e-26
2.46078e-07	1.555e-26
2.47311e-07	1.579e-26
2.48550e-07	1.603e-26
2.49796e-07	1.627e-26
2.51048e-07	1.651e-26
2.52306e-07	1.676e-26
2.53571e-07	1.702e-26
2.54842e-07	1.727e-26
2.56119e-07	1.754e-26
2.57402e-07	1.780e-26
2.58693e-07	1.807e-26
2.59989e-07	1.834e-26
2.61292e-07	1.862e-26
2.62602e-07	1.890e-26
2.63918e-07	1.919e-26
2.65240e-07	1.948e-26
2.66570e-07	1.977e-26
2.67906e-07	2.007e-26
2.69249e-07	2.037e-26
2.70598e-07	2.068e-26
2.71954e-07	2.099e-26
2.73317e-07	2.131e-26
2.74687e-07	2.163e-26
2.76064e-07	2.196e-26
2.77447e-07	2.229e-26
2.78838e-07	2.263e-26
2.80235e-07	2.297e-26
2.81640e-07	2.332e-26
2.83051e-07	2.367e-26
2.84470e-07	2.403e-26
2.85896e-07	2.439e-26
2.87328e-07	2.476e-26
2.88768e-07	2.513e-26
2.90216e-07	2.551e-26
2.91670e-07	2.590e-26
2.93132e-07	2.629e-26
2.94601e-07	2.669e-26
2.96078e-07	2.709e-26
2.97562e-07	2.750e-26
2.99053e-07	2.791e-26
3.00552e-07	2.834e-26
3.02058e-07	2.876e-26
3.03572e-07	2.920e-26
3.05093e-07	2.964e-26
3.06622e-07	3.009e-26
3.08159e-07	3.054e-26
3.09704e-07	3.100e-26
3.11256e-07	3.147e-26
3.12816e-07	3.195e-26
3.14384e-07	3.243e-26
3.15959e-07	3.292e-26
3.17543e-07	3.342e-26
3.19134e-07	3.392e-26
3.20734e-07	3.444e-26
3.22341e-07	3.496e-26
3.23957e-07	3.549e-26
3.25580e-07	3.602e-26
3.27212e-07	3.657e-26
3.28852e-07	3.712e-26
3.30500e-07	3.768e-26
3.32156e-07	3.825e-26
3.33821e-07	3.883e-26
3.35494e-07	3.941e-26
3.37176e-07	4.001e-26
3.38866e-07	4.061e-26
3.40564e-07	4.123e-26
3.42271e-07	4.185e-26
3.43986e-07	4.248e-26
3.45710e-07	4.312e-26
3.47443e-07	4.378e-26
3.49184e-07	4.444e-26
3.50934e-07	4.511e-26
3.52693e-07	4.579e-26
3.54461e-07	4.648e-26
3.56237e-07	4.719e-26
3.58023e-07	4.790e-26
3.59817e-07	4.862e-26
3.61620e-07	4.936e-26
3.63433e-07	5.010e-26
3.65254e-07	5.086e-26
3.67085e-07	5.163e-26
3.68924e-07	5.241e-26
3.70773e-07	5.320e-26
3.72632e-07	5.400e-26
3.74499e-07	5.482e-26
3.76376e-07	5.565e-26
3.78262e-07	5.649e-26
3.80158e-07	5.734e-26
3.82064e-07	5.821e-26
3.83978e-07	5.909e-26
3.85903e-07	5.998e-26
3.87837e-07	6.089e-26
3.89781e-07	6.181e-26
3.91734e-07	6.274e-26
3.93698e-07	6.369e-26
3.95671e-07	6.465e-26
3.97654e-07	6.563e-26
3.99647e-07	6.662e-26
4.01650e-07	6.763e-26
4.03663e-07	6.865e-26
4.05686e-07	6.969e-26
4.07719e-07	7.074e-26
4.09762e-07	7.181e-26
4.11816e-07	7.290e-26
4.13880e-07	7.400e-26
4.15954e-07	7.512e-26
4.18039e-07	7.625e-26
4.20134e-07	7.740e-26
4.22240e-07	7.857e-26
4.24356e-07	7.976e-26
4.26483e-07	8.096e-26
4.28620e-07	8.219e-26
4.30768e-07	8.343e-26
4.32927e-07	8.469e-26
4.35097e-07	8.597e-26
4.37278e-07	8.727e-26
4.39469e-07	8.859e-26
4.41672e-07	8.993e-26
4.43885e-07	9.129e-26
4.46110e-07	9.267e-26
4.48346e-07	9.407e-26
4.50593e-07	9.549e-26
4.52851e-07	9.693e-26
4.55121e-07	9.839e-26
4.57402e-07	9.988e-26
4.59694e-07	1.014e-25
4.61998e-07	1.029e-25
4.64314e-07	1.045e-25
4.66641e-07	1.061e-25
4.68979e-07	1.077e-25
4.71330e-07	1.093e-25
4.73692e-07	1.109e-25
4.76066e-07	1.126e-25
4.78452e-07	1.143e-25
4.80850e-07	1.160e-25
4.83260e-07	1.178e-25
4.85682e-07	1.196e-25
4.88116e-07	1.214e-25
4.90563e-07	1.232e-25
4.93021e-07	1.251e-25
4.95492e-07	1.270e-25
4.97975e-07	1.289e-25
5.00471e-07	1.308e-25
5.02980e-07	1.328e-25
5.05500e-07	1.348e-25
5.08034e-07	1.369e-25
5.10580e-07	1.389e-25
5.13139e-07	1.410e-25
5.15711e-07	1.432e-25
5.18295e-07	1.453e-25
5.20893e-07	1.475e-25
5.23504e-07	1.497e-25
5.26127e-07	1.520e-25
5.28764e-07	1.543e-25
5.31414e-07	1.566e-25
5.34078e-07	1.590e-25
5.36754e-07	1.614e-25
5.39444e-07	1.638e-25
5.42148e-07	1.663e-25
5.44865e-07	1.688e-25
5.47596e-07	1.714e-25
5.50340e-07	1.740e-25
5.53099e-07	1.766e-25
5.55871e-07	1.793e-25
5.58657e-07	1.820e-25
5.61457e-07	1.847e-25
5.64271e-07	1.875e-25
5.67099e-07	1.904e-25
5.69941e-07	1.932e-25
5.72797e-07	1.962e-25
5.75668e-07	1.991e-25
5.78553e-07	2.021e-25
5.81453e-07	2.052e-25
5.84367e-07	2.083e-25
5.87296e-07	2.114e-25
5.90239e-07	2.146e-25
5.93197e-07	2.179e-25
5.96170e-07	2.212e-25
5.99158e-07	2.245e-25
6.02161e-07	2.279e-25
6.05179e-07	2.313e-25
6.08212e-07	2.348e-25
6.11260e-07	2.384e-25
6.14324e-07	2.420e-25
6.17403e-07	2.456e-25
6.20497e-07	2.494e-25
6.23607e-07	2.531e-25
6.26732e-07	2.569e-25
6.29873e-07	2.608e-25
6.33030e-07	2.648e-25
6.36203e-07	2.688e-25
6.39391e-07	2.728e-25
6.42596e-07	2.770e-25
6.45816e-07	2.811e-25
6.49053e-07	2.854e-25
6.52306e-07	2.897e-25
6.55575e-07	2.941e-25
6.58861e-07	2.985e-25
6.62163e-07	3.030e-25
6.65482e-07	3.076e-25
6.68817e-07	3.123e-25
6.72169e-07	3.170e-25
6.75538e-07	3.218e-25
6.78924e-07	3.266e-25
6.82326e-07	3.316e-25
6.85746e-07	3.366e-25
6.89183e-07	3.417e-25
6.92637e-07	3.468e-25
6.96108e-07	3.521e-25
6.99597e-07	3.574e-25
7.03103e-07	3.628e-25
7.06627e-07	3.683e-25
7.10169e-07	3.738e-25
7.13728e-07	3.795e-25
7.17305e-07	3.852e-25
7.20900e-07	3.910e-25
7.24513e-07	3.969e-25
7.28144e-07	4.029e-25
7.31793e-07	4.090e-25
7.35461e-07	4.152e-25
7.39147e-07	4.215e-25
7.42852e-07	4.279e-25
7.46575e-07	4.343e-25
7.50316e-07	4.409e-25
7.54077e-07	4.475e-25
7.57856e-07	4.543e-25
7.61654e-07	4.612e-25
7.65472e-07	4.681e-25
7.69308e-07	4.752e-25
7.73164e-07	4.824e-25
7.77039e-07	4.897e-25
7.80933e-07	4.971e-25
7.84847e-07	5.046e-25
7.88780e-07	5.122e-25
7.92734e-07	5.200e-25
7.96707e-07	5.278e-25
8.00700e-07	5.358e-25
8.04713e-07	5.439e-25
8.08746e-07	5.521e-25
8.12799e-07	5.605e-25
8.16873e-07	5.689e-25
8.20967e-07	5.775e-25
8.25081e-07	5.862e-25
8.29216e-07	5.951e-25
8.33372e-07	6.041e-25
8.37549e-07	6.132e-25
8.41747e-07	6.225e-25
8.45965e-07	6.319e-25
8.50205e-07	6.415e-25
8.54466e-07	6.511e-25
8.58749e-07	6.610e-25
8.63053e-07	6.710e-25
8.67378e-07	6.811e-25
8.71725e-07	6.914e-25
8.76094e-07	7.019e-25
8.80485e-07	7.125e-25
8.84898e-07	7.232e-25
8.89333e-07	7.342e-25
8.93790e-07	7.452e-25
8.98270e-07	7.565e-25
9.02772e-07	7.679e-25
9.07296e-07	7.795e-25
9.11843e-07	7.913e-25
9.16413e-07	8.033e-25
9.21006e-07	8.154e-25
9.25622e-07	8.277e-25
9.30261e-07	8.402e-25
9.34924e-07	8.529e-25
9.39609e-07	8.658e-25
9.44318e-07	8.789e-25
9.49051e-07	8.922e-25
9.53808e-07	9.057e-25
9.58588e-07	9.194e-25
9.63392e-07	9.333e-25
9.68221e-07	9.474e-25
9.73073e-07	9.617e-25
9.77950e-07	9.762e-25
9.82851e-07	9.910e-25
9.87777e-07	1.006e-24
9.92728e-07	1.021e-24
9.97703e-07	1.037e-24
1.00270e-06	1.052e-24
1.00773e-06	1.068e-24
1.01278e-06	1.084e-24
1.01786e-06	1.101e-24
1.02296e-06	1.117e-24
1.02808e-06	1.134e-24
1.03324e-06	1.151e-24
1.03841e-06	1.169e-24
1.04362e-06	1.186e-24
1.04885e-06	1.204e-24
1.05411e-06	1.222e-24
1.05939e-06	1.241e-24
1.06470e-06	1.260e-24
1.07003e-06	1.279e-24
1.07540e-06	1.298e-24
1.08079e-06	1.318e-24
1.08620e-06	1.338e-24
1.09165e-06	1.358e-24
1.09712e-06	1.378e-24
1.10262e-06	1.399e-24
1.10814e-06	1.420e-24
1.11370e-06	1.442e-24
1.11928e-06	1.464e-24
1.12489e-06	1.486e-24
1.13053e-06	1.508e-24
1.13619e-06	1.531e-24
1.14189e-06	1.554e-24
1.14761e-06	1.578e-24
1.15336e-06	1.601e-24
1.15914e-06	1.626e-24
1.16495e-06	1.650e-24
1.17079e-06	1.675e-24
1.17666e-06	1.700e-24
1.18256e-06	1.726e-24
1.18848e-06	1.752e-24
1.19444e-06	1.779e-24
1.20042e-06	1.805e-24
1.20644e-06	1.833e-24
1.21249e-06	1.860e-24
1.21856e-06	1.889e-24
1.22467e-06	1.917e-24
1.23081e-06	1.946e-24
1.23698e-06	1.976e-24
1.24318e-06	2.005e-24
1.24941e-06	2.036e-24
1.25567e-06	2.066e-24
1.26196e-06	2.098e-24
1.26829e-06	2.129e-24
1.27464e-06	2.162e-24
1.28103e-06	2.194e-24
1.28745e-06	2.227e-24
1.29391e-06	2.261e-24
1.30039e-06	2.295e-24
1.30691e-06	2.330e-24
1.31346e-06	2.365e-24
1.32004e-06	2.401e-24
1.32666e-06	2.437e-24
1.33331e-06	2.474e-24
1.33999e-06	2.511e-24
1.34670e-06	2.549e-24
1.35345e-06	2.588e-24
1.36024e-06	2.627e-24
1.36705e-06	2.667e-24
1.37390e-06	2.707e-24
1.38079e-06	2.748e-24
1.38771e-06	2.789e-24
1.39467e-06	2.831e-24
1.40166e-06	2.874e-24
1.40868e-06	2.918e-24
1.41574e-06	2.962e-24
1.42284e-06	3.006e-24
1.42997e-06	3.052e-24
1.43713e-06	3.098e-24
1.44434e-06	3.145e-24
1.45158e-06	3.192e-24
1.45885e-06	3.241e-24
1.46616e-06	3.290e-24
1.47351e-06	3.339e-24
1.48089e-06	3.390e-24
1.48832e-06	3.441e-24
1.49578e-06	3.493e-24
1.50327e-06	3.546e-24
1.51081e-06	3.599e-24
1.51838e-06	3.654e-24
1.52599e-06	3.709e-24
1.53364e-06	3.765e-24
1.54132e-06	3.822e-24
1.54905e-06	3.880e-24
1.55681e-06	3.938e-24
1.56461e-06	3.998e-24
1.57246e-06	4.058e-24
1.58034e-06	4.119e-24
1.58826e-06	4.182e-24
1.59622e-06	4.245e-24
1.60422e-06	4.309e-24
1.61226e-06	4.374e-24
1.62034e-06	4.440e-24
1.62846e-06	4.507e-24
1.63662e-06	4.575e-24
1.64482e-06	4.645e-24
1.65307e-06	4.715e-24
1.66135e-06	4.786e-24
1.66968e-06	4.858e-24
1.67805e-06	4.932e-24
1.68646e-06	5.006e-24
1.69491e-06	5.082e-24
1.70340e-06	5.159e-24
1.71194e-06	5.237e-24
1.72052e-06	5.316e-24
1.72914e-06	5.396e-24
1.73781e-06	5.478e-24
1.74652e-06	5.560e-24
1.75527e-06	5.644e-24
1.76407e-06	5.730e-24
1.77291e-06	5.816e-24
1.78180e-06	5.904e-24
1.79073e-06	5.993e-24
1.79970e-06	6.084e-24
1.80872e-06	6.176e-24
1.81778e-06	6.269e-24
1.82690e-06	6.364e-24
1.83605e-06	6.460e-24
1.84525e-06	6.558e-24
1.85450e-06	6.657e-24
1.86380e-06	6.758e-24
1.87314e-06	6.860e-24
1.88252e-06	6.963e-24
1.89196e-06	7.069e-24
1.90144e-06	7.175e-24
1.91097e-06	7.284e-24
1.92055e-06	7.394e-24
1.93017e-06	7.506e-24
1.93985e-06	7.619e-24
1.94957e-06	7.734e-24
1.95934e-06	7.851e-24
1.96916e-06	7.970e-24
1.97903e-06	8.090e-24
1.98895e-06	8.212e-24
1.99892e-06	8.336e-24
2.00894e-06	8.462e-24
2.01900e-06	8.590e-24
2.02912e-06	8.720e-24
2.03929e-06	8.852e-24
2.04951e-06	8.986e-24
2.05978e-06	9.121e-24
2.07011e-06	9.259e-24
2.08048e-06	9.399e-24
2.09091e-06	9.541e-24
2.10139e-06	9.685e-24
2.11192e-06	9.832e-24
2.12251e-06	9.980e-24
2.13314e-06	1.013e-23
2.14383e-06	1.028e-23
2.15458e-06	1.044e-23
2.16538e-06	1.060e-23
2.17623e-06	1.076e-23
2.18714e-06	1.092e-23
2.19810e-06	1.108e-23
2.20912e-06	1.125e-23
2.22019e-06	1.142e-23
2.23131e-06	1.160e-23
2.24250e-06	1.177e-23
2.25374e-06	1.195e-23
2.26503e-06	1.213e-23
2.27638e-06	1.231e-23
2.28779e-06	1.250e-23
2.29926e-06	1.269e-23
2.31078e-06	1.288e-23
2.32236e-06	1.307e-23
2.33400e-06	1.327e-23
2.34570e-06	1.347e-23
2.35746e-06	1.367e-23
2.36927e-06	1.388e-23
2.38115e-06	1.409e-23
2.39308e-06	1.430e-23
2.40507e-06	1.452e-23
2.41713e-06	1.474e-23
2.42924e-06	1.496e-23
2.44142e-06	1.519e-23
2.45365e-06	1.542e-23
2.46595e-06	1.565e-23
2.47831e-06	1.589e-23
2.49073e-06	1.613e-23
2.50321e-06	1.637e-23
2.51576e-06	1.662e-23
2.52837e-06	1.687e-23
2.54104e-06	1.712e-23
2.55377e-06	1.738e-23
2.56657e-06	1.765e-23
2.57944e-06	1.791e-23
2.59236e-06	1.818e-23
2.60536e-06	1.846e-23
2.61841e-06	1.874e-23
2.63154e-06	1.902e-23
2.64473e-06	1.931e-23
2.65798e-06	1.960e-23
2.67130e-06	1.990e-23
2.68469e-06	2.020e-23
2.69815e-06	2.050e-23
2.71167e-06	2.081e-23
2.72526e-06	2.113e-23
2.73892e-06	2.145e-23
2.75264e-06	2.177e-23
2.76644e-06	2.210e-23
2.78030e-06	2.243e-23
2.79424e-06	2.277e-23
2.80824e-06	2.312e-23
2.82232e-06	2.346e-23
2.83646e-06	2.382e-23
2.85068e-06	2.418e-23
2.86497e-06	2.454e-23
2.87932e-06	2.492e-23
2.89376e-06	2.529e-23
2.90826e-06	2.567e-23
2.92283e-06	2.606e-23
2.93748e-06	2.646e-23
2.95221e-06	2.686e-23
2.96700e-06	2.726e-23
2.98187e-06	2.767e-23
2.99682e-06	2.809e-23
3.01184e-06	2.852e-23
3.02693e-06	2.895e-23
3.04210e-06	2.938e-23
3.05735e-06	2.983e-23
3.07267e-06	3.028e-23
3.08807e-06	3.074e-23
3.10355e-06	3.120e-23
3.11910e-06	3.167e-23
3.13473e-06	3.215e-23
3.15044e-06	3.264e-23
3.16623e-06	3.313e-23
3.18210e-06	3.363e-23
3.19805e-06	3.414e-23
3.21408e-06	3.465e-23
3.23019e-06	3.518e-23
3.24638e-06	3.571e-23
3.26265e-06	3.625e-23
3.27900e-06	3.680e-23
3.29543e-06	3.735e-23
3.31195e-06	3.792e-23
3.32855e-06	3.849e-23
3.34523e-06	3.907e-23
3.36200e-06	3.966e-23
3.37885e-06	4.026e-23
3.39578e-06	4.087e-23
3.41280e-06	4.149e-23
3.42990e-06	4.212e-23
3.44709e-06	4.275e-23
3.46437e-06	4.340e-23
3.48173e-06	4.405e-23
3.49918e-06	4.472e-23
3.51672e-06	4.539e-23
3.53434e-06	4.608e-23
3.55206e-06	4.678e-23
3.56986e-06	4.748e-23
3.58775e-06	4.820e-23
3.60573e-06	4.893e-23
3.62380e-06	4.967e-23
3.64197e-06	5.042e-23
3.66022e-06	5.118e-23
3.67856e-06	5.195e-23
3.69700e-06	5.274e-23
3.71553e-06	5.354e-23
3.73415e-06	5.435e-23
3.75287e-06	5.517e-23
3.77167e-06	5.600e-23
3.79058e-06	5.685e-23
3.80957e-06	5.771e-23
3.82867e-06	5.858e-23
3.84786e-06	5.946e-23
3.86714e-06	6.036e-23
3.88652e-06	6.127e-23
3.90600e-06	6.220e-23
3.92558e-06	6.314e-23
3.94525e-06	6.409e-23
3.96502e-06	6.506e-23
3.98490e-06	6.605e-23
4.00487e-06	6.704e-23
4.02494e-06	6.806e-23
4.04511e-06	6.909e-23
4.06539e-06	7.013e-23
4.08576e-06	7.119e-23
4.10624e-06	7.226e-23
4.12682e-06	7.336e-23
4.14750e-06	7.446e-23
4.16829e-06	7.559e-23
4.18918e-06	7.673e-23
4.21017e-06	7.789e-23
4.23127e-06	7.907e-23
4.25248e-06	8.026e-23
4.27379e-06	8.148e-23
4.29521e-06	8.271e-23
4.31674e-06	8.396e-23
4.33837e-06	8.523e-23
4.36012e-06	8.651e-23
4.38197e-06	8.782e-23
4.40393e-06	8.915e-23
4.42600e-06	9.050e-23
4.44819e-06	9.186e-23
4.47048e-06	9.325e-23
4.49289e-06	9.466e-23
4.51540e-06	9.609e-23
4.53803e-06	9.754e-23
4.56078e-06	9.902e-23
4.58363e-06	1.005e-22
4.60661e-06	1.020e-22
4.62969e-06	1.036e-22
4.65290e-06	1.051e-22
4.67622e-06	1.067e-22
4.69965e-06	1.083e-22
4.72321e-06	1.100e-22
4.74688e-06	1.116e-22
4.77067e-06	1.133e-22
4.79458e-06	1.150e-22
4.81861e-06	1.168e-22
4.84276e-06	1.185e-22
4.86703e-06	1.203e-22
4.89142e-06	1.222e-22
4.91594e-06	1.240e-22
4.94058e-06	1.259e-22
4.96534e-06	1.278e-22
4.99022e-06	1.297e-22
5.01523e-06	1.317e-22
5.04037e-06	1.337e-22
5.06563e-06	1.357e-22
5.09102e-06	1.377e-22
5.11653e-06	1.398e-22
5.14218e-06	1.419e-22
5.16795e-06	1.441e-22
5.19385e-06	1.462e-22
5.21988e-06	1.484e-22
5.24604e-06	1.507e-22
5.27233e-06	1.530e-22
5.29876e-06	1.553e-22
5.32531e-06	1.576e-22
5.35200e-06	1.600e-22
5.37883e-06	1.624e-22
5.40579e-06	1.649e-22
5.43288e-06	1.674e-22
5.46011e-06	1.699e-22
5.48747e-06	1.725e-22
5.51497e-06	1.751e-22
5.54261e-06	1.777e-22
5.57039e-06	1.804e-22
5.59831e-06	1.831e-22
5.62637e-06	1.859e-22
5.65457e-06	1.887e-22
5.68291e-06	1.916e-22
5.71139e-06	1.945e-22
5.74001e-06	1.974e-22
5.76878e-06	2.004e-22
5.79769e-06	2.034e-22
5.82675e-06	2.065e-22
5.85595e-06	2.096e-22
5.88530e-06	2.128e-22
5.91480e-06	2.160e-22
5.94444e-06	2.192e-22
5.97424e-06	2.226e-22
6.00418e-06	2.259e-22
6.03427e-06	2.293e-22
6.06451e-06	2.328e-22
6.09491e-06	2.363e-22
6.12545e-06	2.399e-22
6.15615e-06	2.435e-22
6.18701e-06	2.472e-22
6.21801e-06	2.509e-22
6.24918e-06	2.547e-22
6.28050e-06	2.586e-22
6.31197e-06	2.625e-22
6.34361e-06	2.664e-22
6.37540e-06	2.705e-22
6.40735e-06	2.746e-22
6.43947e-06	2.787e-22
6.47174e-06	2.829e-22
6.50418e-06	2.872e-22
6.53677e-06	2.915e-22
6.56954e-06	2.959e-22
6.60246e-06	3.004e-22
6.63555e-06	3.049e-22
6.66881e-06	3.096e-22
6.70223e-06	3.142e-22
6.73582e-06	3.190e-22
6.76958e-06	3.238e-22
6.80351e-06	3.287e-22
6.83761e-06	3.337e-22
6.87188e-06	3.387e-22
6.90632e-06	3.438e-22
6.94093e-06	3.490e-22
6.97572e-06	3.543e-22
7.01068e-06	3.596e-22
7.04581e-06	3.651e-22
7.08113e-06	3.706e-22
7.11662e-06	3.762e-22
7.15228e-06	3.819e-22
7.18813e-06	3.876e-22
7.22415e-06	3.935e-22
7.26036e-06	3.995e-22
7.29675e-06	4.055e-22
7.33332e-06	4.116e-22
7.37007e-06	4.178e-22
7.40701e-06	4.242e-22
7.44413e-06	4.306e-22
7.48144e-06	4.371e-22
7.51894e-06	4.437e-22
7.55662e-06	4.504e-22
7.59449e-06	4.572e-22
7.63256e-06	4.641e-22
7.67081e-06	4.711e-22
7.70925e-06	4.782e-22
7.74789e-06	4.854e-22
7.78672e-06	4.928e-22
7.82575e-06	5.002e-22
7.86497e-06	5.078e-22
7.90439e-06	5.155e-22
7.94400e-06	5.233e-22
7.98382e-06	5.312e-22
8.02383e-06	5.392e-22
8.06404e-06	5.473e-22
8.10446e-06	5.556e-22
8.14508e-06	5.640e-22
8.18590e-06	5.725e-22
8.22693e-06	5.812e-22
8.26816e-06	5.900e-22
8.30960e-06	5.989e-22
8.35124e-06	6.079e-22
8.39310e-06	6.171e-22
8.43516e-06	6.264e-22
8.47744e-06	6.359e-22
8.51993e-06	6.455e-22
8.56263e-06	6.553e-22
8.60554e-06	6.652e-22
8.64867e-06	6.752e-22
8.69202e-06	6.854e-22
8.73558e-06	6.958e-22
8.77936e-06	7.063e-22
8.82336e-06	7.170e-22
8.86758e-06	7.278e-22
8.91202e-06	7.388e-22
8.95669e-06	7.500e-22
9.00158e-06	7.613e-22
9.04669e-06	7.728e-22
9.09203e-06	7.845e-22
9.13760e-06	7.963e-22
9.18340e-06	8.084e-22
9.22942e-06	8.206e-22
9.27568e-06	8.330e-22
9.32217e-06	8.456e-22
9.36889e-06	8.583e-22
9.41584e-06	8.713e-22
9.46304e-06	8.845e-22
9.51046e-06	8.978e-22
9.55813e-06	9.114e-22
9.60603e-06	9.252e-22
9.65418e-06	9.391e-22
9.70256e-06	9.533e-22
9.75119e-06	9.677e-22
9.80006e-06	9.824e-22
9.84918e-06	9.972e-22
9.89854e-06	1.012e-21
9.94815e-06	1.028e-21
9.99801e-06	1.043e-21
1.00481e-05	1.059e-21
1.00985e-05	1.075e-21
1.01491e-05	1.091e-21
1.02000e-05	1.108e-21
1.02511e-05	1.124e-21
1.03024e-05	1.141e-21
1.03541e-05	1.159e-21
1.04060e-05	1.176e-21
1.04581e-05	1.194e-21
1.05105e-05	1.212e-21
1.05632e-05	1.230e-21
1.06162e-05	1.249e-21
1.06694e-05	1.268e-21
1.07228e-05	1.287e-21
1.07766e-05	1.306e-21
1.08306e-05	1.326e-21
1.08849e-05	1.346e-21
1.09394e-05	1.366e-21
1.09943e-05	1.387e-21
1.10494e-05	1.408e-21
1.11047e-05	1.429e-21
1.11604e-05	1.451e-21
1.12163e-05	1.473e-21
1.12725e-05	1.495e-21
1.13290e-05	1.518e-21
1.13858e-05	1.541e-21
1.14429e-05	1.564e-21
1.15002e-05	1.587e-21
1.15579e-05	1.611e-21
1.16158e-05	1.636e-21
1.16740e-05	1.660e-21
1.17325e-05	1.686e-21
1.17913e-05	1.711e-21
1.18504e-05	1.737e-21
1.19098e-05	1.763e-21
1.19695e-05	1.790e-21
1.20295e-05	1.817e-21
1.20898e-05	1.844e-21
1.21504e-05	1.872e-21
1.22113e-05	1.900e-21
1.22725e-05	1.929e-21
1.23340e-05	1.958e-21
1.23958e-05	1.988e-21
1.24579e-05	2.018e-21
1.25203e-05	2.048e-21
1.25831e-05	2.079e-21
1.26462e-05	2.111e-21
1.27095e-05	2.143e-21
1.27732e-05	2.175e-21
1.28373e-05	2.208e-21
1.29016e-05	2.241e-21
1.29663e-05	2.275e-21
1.30312e-05	2.310e-21
1.30965e-05	2.344e-21
1.31622e-05	2.380e-21
1.32282e-05	2.416e-21
1.32945e-05	2.452e-21
1.33611e-05	2.489e-21
1.34280e-05	2.527e-21
1.34953e-05	2.565e-21
1.35630e-05	2.604e-21
1.36310e-05	2.643e-21
1.36993e-05	2.683e-21
1.37679e-05	2.724e-21
1.38369e-05	2.765e-21
1.39063e-05	2.807e-21
1.39760e-05	2.849e-21
1.40460e-05	2.892e-21
1.41164e-05	2.936e-21
1.41872e-05	2.980e-21
1.42583e-05	3.025e-21
1.43297e-05	3.071e-21
1.44016e-05	3.117e-21
1.44737e-05	3.164e-21
1.45463e-05	3.212e-21
1.46192e-05	3.261e-21
1.46924e-05	3.310e-21
1.47661e-05	3.360e-21
1.48401e-05	3.411e-21
1.49145e-05	3.462e-21
1.49892e-05	3.515e-21
1.50643e-05	3.568e-21
1.51398e-05	3.622e-21
1.52157e-05	3.677e-21
1.52920e-05	3.732e-21
1.53686e-05	3.788e-21
1.54456e-05	3.846e-21
1.55230e-05	3.904e-21
1.56008e-05	3.963e-21
1.56790e-05	4.023e-21
1.57576e-05	4.083e-21
1.58366e-05	4.145e-21
1.59160e-05	4.208e-21
1.59957e-05	4.271e-21
1.60759e-05	4.336e-21
1.61565e-05	4.401e-21
1.62374e-05	4.468e-21
1.63188e-05	4.535e-21
1.64006e-05	4.604e-21
1.64828e-05	4.674e-21
1.65654e-05	4.744e-21
1.66484e-05	4.816e-21
1.67319e-05	4.889e-21
1.68157e-05	4.962e-21
1.69000e-05	5.037e-21
1.69847e-05	5.114e-21
1.70698e-05	5.191e-21
1.71554e-05	5.269e-21
1.72414e-05	5.349e-21
1.73278e-05	5.430e-21
1.74146e-05	5.512e-21
1.75019e-05	5.595e-21
1.75896e-05	5.680e-21
1.76778e-05	5.765e-21
1.77664e-05	5.853e-21
1.78554e-05	5.941e-21
1.79449e-05	6.031e-21
1.80348e-05	6.122e-21
1.81252e-05	6.214e-21
1.82161e-05	6.308e-21
1.83074e-05	6.404e-21
1.83991e-05	6.500e-21
1.84913e-05	6.599e-21
1.85840e-05	6.698e-21
1.86771e-05	6.799e-21
1.87707e-05	6.902e-21
1.88648e-05	7.007e-21
1.89594e-05	7.112e-21
1.90544e-05	7.220e-21
1.91499e-05	7.329e-21
1.92459e-05	7.440e-21
1.93423e-05	7.552e-21
1.94393e-05	7.666e-21
1.95367e-05	7.782e-21
1.96346e-05	7.900e-21
1.97330e-05	8.019e-21
1.98319e-05	8.140e-21
1.99313e-05	8.263e-21
2.00312e-05	8.388e-21
2.01316e-05	8.515e-21
2.02325e-05	8.643e-21
2.03339e-05	8.774e-21
2.04358e-05	8.907e-21
2.05382e-05	9.041e-21
2.06412e-05	9.178e-21
2.07446e-05	9.317e-21
2.08486e-05	9.457e-21
2.09531e-05	9.600e-21
2.10581e-05	9.745e-21
2.11636e-05	9.893e-21
2.12697e-05	1.004e-20
2.13763e-05	1.019e-20
2.14834e-05	1.035e-20
2.15911e-05	1.050e-20
2.16993e-05	1.066e-20
2.18081e-05	1.082e-20
2.19173e-05	1.099e-20
2.20272e-05	1.115e-20
2.21376e-05	1.132e-20
2.22485e-05	1.149e-20
2.23600e-05	1.167e-20
2.24721e-05	1.184e-20
2.25847e-05	1.202e-20
2.26979e-05	1.220e-20
2.28117e-05	1.239e-20
2.29260e-05	1.258e-20
2.30409e-05	1.277e-20
2.31564e-05	1.296e-20
2.32725e-05	1.315e-20
2.33891e-05	1.335e-20
2.35063e-05	1.355e-20
2.36241e-05	1.376e-20
2.37425e-05	1.397e-20
2.38615e-05	1.418e-20
2.39811e-05	1.439e-20
2.41013e-05	1.461e-20
2.42221e-05	1.483e-20
2.43435e-05	1.505e-20
2.44655e-05	1.528e-20
2.45881e-05	1.551e-20
2.47113e-05	1.575e-20
2.48352e-05	1.599e-20
2.49597e-05	1.623e-20
2.50847e-05	1.647e-20
2.52105e-05	1.672e-20
2.53368e-05	1.697e-20
2.54638e-05	1.723e-20
2.55914e-05	1.749e-20
2.57197e-05	1.776e-20
2.58486e-05	1.802e-20
2.59781e-05	1.830e-20
2.61083e-05	1.857e-20
2.62392e-05	1.885e-20
2.63707e-05	1.914e-20
2.65029e-05	1.943e-20
2.66357e-05	1.972e-20
2.67692e-05	2.002e-20
2.69033e-05	2.032e-20
2.70382e-05	2.063e-20
2.71737e-05	2.094e-20
2.73099e-05	2.126e-20
2.74468e-05	2.158e-20
2.75843e-05	2.190e-20
2.77226e-05	2.223e-20
2.78615e-05	2.257e-20
2.80011e-05	2.291e-20
2.81415e-05	2.326e-20
2.82825e-05	2.361e-20
2.84243e-05	2.397e-20
2.85667e-05	2.433e-20
2.87099e-05	2.470e-20
2.88538e-05	2.507e-20
2.89984e-05	2.545e-20
2.91437e-05	2.583e-20
2.92898e-05	2.622e-20
2.94366e-05	2.662e-20
2.95841e-05	2.702e-20
2.97324e-05	2.743e-20
2.98814e-05	2.784e-20
3.00312e-05	2.826e-20
3.01817e-05	2.869e-20
3.03329e-05	2.912e-20
3.04850e-05	2.956e-20
3.06377e-05	3.001e-20
3.07913e-05	3.046e-20
3.09456e-05	3.092e-20
3.11007e-05	3.139e-20
3.12566e-05	3.187e-20
3.14132e-05	3.235e-20
3.15707e-05	3.284e-20
3.17289e-05	3.333e-20
3.18879e-05	3.384e-20
3.20477e-05	3.435e-20
3.22084e-05	3.487e-20
3.23698e-05	3.539e-20
3.25320e-05	3.593e-20
3.26951e-05	3.647e-20
3.28589e-05	3.702e-20
3.30236e-05	3.758e-20
3.31891e-05	3.815e-20
3.33554e-05	3.873e-20
3.35226e-05	3.931e-20
3.36906e-05	3.991e-20
3.38595e-05	4.051e-20
3.40292e-05	4.112e-20
3.41997e-05	4.174e-20
3.43711e-05	4.237e-20
3.45434e-05	4.301e-20
3.47165e-05	4.366e-20
3.48905e-05	4.432e-20
3.50654e-05	4.499e-20
3.52411e-05	4.567e-20
3.54177e-05	4.636e-20
3.55953e-05	4.706e-20
3.57736e-05	4.777e-20
3.59529e-05	4.850e-20
3.61331e-05	4.923e-20
3.63142e-05	4.997e-20
3.64962e-05	5.073e-20
3.66791e-05	5.149e-20
3.68630e-05	5.227e-20
3.70477e-05	5.306e-20
3.72334e-05	5.386e-20
3.74200e-05	5.468e-20
3.76075e-05	5.550e-20
3.77960e-05	5.634e-20
3.79855e-05	5.719e-20
3.81758e-05	5.806e-20
3.83672e-05	5.894e-20
3.85595e-05	5.983e-20
3.87527e-05	6.073e-20
3.89469e-05	6.165e-20
3.91421e-05	6.258e-20
3.93383e-05	6.352e-20
3.95355e-05	6.448e-20
3.97336e-05	6.546e-20
3.99327e-05	6.645e-20
4.01329e-05	6.745e-20
4.03340e-05	6.847e-20
4.05362e-05	6.951e-20
4.07393e-05	7.056e-20
4.09435e-05	7.162e-20
4.11487e-05	7.270e-20
4.13549e-05	7.380e-20
4.15622e-05	7.492e-20
4.17705e-05	7.605e-20
4.19798e-05	7.720e-20
4.21902e-05	7.837e-20
4.24017e-05	7.955e-20
4.26142e-05	8.075e-20
4.28278e-05	8.197e-20
4.30424e-05	8.321e-20
4.32581e-05	8.447e-20
4.34750e-05	8.574e-20
4.36928e-05	8.704e-20
4.39118e-05	8.836e-20
4.41319e-05	8.969e-20
4.43531e-05	9.105e-20
4.45754e-05	9.242e-20
4.47988e-05	9.382e-20
4.50233e-05	9.524e-20
4.52490e-05	9.667e-20
4.54757e-05	9.814e-20
4.57036e-05	9.962e-20
4.59327e-05	1.011e-19
4.61629e-05	1.027e-19
4.63943e-05	1.042e-19
4.66268e-05	1.058e-19
4.68605e-05	1.074e-19
4.70953e-05	1.090e-19
4.73314e-05	1.106e-19
4.75686e-05	1.123e-19
4.78070e-05	1.140e-19
4.80466e-05	1.157e-19
4.82874e-05	1.175e-19
4.85294e-05	1.193e-19
4.87726e-05	1.211e-19
4.90171e-05	1.229e-19
4.92627e-05	1.247e-19
4.95096e-05	1.266e-19
4.97578e-05	1.285e-19
5.00071e-05	1.305e-19
5.02578e-05	1.325e-19
5.05097e-05	1.345e-19
5.07628e-05	1.365e-19
5.10172e-05	1.386e-19
5.12729e-05	1.407e-19
5.15299e-05	1.428e-19
5.17881e-05	1.449e-19
5.20477e-05	1.471e-19
5.23085e-05	1.493e-19
5.25707e-05	1.516e-19
5.28342e-05	1.539e-19
5.30990e-05	1.562e-19
5.33651e-05	1.586e-19
5.36326e-05	1.610e-19
5.39014e-05	1.634e-19
5.41715e-05	1.659e-19
5.44430e-05	1.684e-19
5.47159e-05	1.709e-19
5.49901e-05	1.735e-19
5.52657e-05	1.761e-19
5.55427e-05	1.788e-19
5.58210e-05	1.815e-19
5.61008e-05	1.842e-19
5.63820e-05	1.870e-19
5.66645e-05	1.898e-19
5.69485e-05	1.927e-19
5.72340e-05	1.956e-19
5.75208e-05	1.986e-19
5.78091e-05	2.016e-19
5.80988e-05	2.046e-19
5.83900e-05	2.077e-19
5.86826e-05	2.109e-19
5.89767e-05	2.140e-19
5.92723e-05	2.173e-19
5.95694e-05	2.206e-19
5.98679e-05	2.239e-19
6.01680e-05	2.273e-19
6.04695e-05	2.307e-19
6.07726e-05	2.342e-19
6.10772e-05	2.377e-19
6.13833e-05	2.413e-19
6.16909e-05	2.450e-19
6.20001e-05	2.487e-19
6.23109e-05	2.524e-19
6.26232e-05	2.563e-19
6.29370e-05	2.601e-19
6.32524e-05	2.641e-19
6.35695e-05	2.680e-19
6.38881e-05	2.721e-19
6.42082e-05	2.762e-19
6.45300e-05	2.804e-19
6.48535e-05	2.846e-19
6.51785e-05	2.889e-19
6.55052e-05	2.933e-19
6.58335e-05	2.977e-19
6.61634e-05	3.022e-19
6.64950e-05	3.068e-19
6.68283e-05	3.114e-19
6.71632e-05	3.161e-19
6.74998e-05	3.209e-19
6.78381e-05	3.257e-19
6.81781e-05	3.307e-19
6.85198e-05	3.357e-19
6.88632e-05	3.407e-19
6.92083e-05	3.459e-19
6.95552e-05	3.511e-19
6.99038e-05	3.564e-19
7.02542e-05	3.618e-19
7.06062e-05	3.673e-19
7.09601e-05	3.728e-19
7.13158e-05	3.785e-19
7.16732e-05	3.842e-19
7.20324e-05	3.900e-19
7.23934e-05	3.959e-19
7.27562e-05	4.019e-19
7.31209e-05	4.079e-19
7.34873e-05	4.141e-19
7.38557e-05	4.203e-19
7.42258e-05	4.267e-19
7.45978e-05	4.331e-19
7.49717e-05	4.397e-19
7.53474e-05	4.463e-19
7.57251e-05	4.531e-19
7.61046e-05	4.599e-19
7.64860e-05	4.669e-19
7.68693e-05	4.739e-19
7.72546e-05	4.811e-19
7.76418e-05	4.884e-19
7.80309e-05	4.957e-19
7.84220e-05	5.032e-19
7.88150e-05	5.108e-19
7.92100e-05	5.186e-19
7.96070e-05	5.264e-19
8.00060e-05	5.343e-19
8.04070e-05	5.424e-19
8.08100e-05	5.506e-19
8.12150e-05	5.589e-19
8.16220e-05	5.674e-19
8.20311e-05	5.759e-19
8.24422e-05	5.847e-19
8.28554e-05	5.935e-19
8.32707e-05	6.025e-19
8.36880e-05	6.116e-19
8.41074e-05	6.208e-19
8.45290e-05	6.302e-19
8.49526e-05	6.397e-19
8.53784e-05	6.494e-19
8.58063e-05	6.592e-19
8.62363e-05	6.691e-19
8.66685e-05	6.792e-19
8.71029e-05	6.895e-19
8.75394e-05	6.999e-19
8.79782e-05	7.105e-19
8.84191e-05	7.212e-19
8.88622e-05	7.321e-19
8.93076e-05	7.432e-19
8.97552e-05	7.544e-19
9.02050e-05	7.658e-19
9.06571e-05	7.774e-19
9.11115e-05	7.892e-19
9.15681e-05	8.011e-19
9.20270e-05	8.132e-19
9.24883e-05	8.255e-19
9.29518e-05	8.379e-19
9.34177e-05	8.506e-19
9.38859e-05	8.635e-19
9.43564e-05	8.765e-19
9.48293e-05	8.897e-19
9.53046e-05	9.032e-19
9.57822e-05	9.168e-19
9.62623e-05	9.307e-19
9.67447e-05	9.448e-19
9.72296e-05	9.590e-19
9.77169e-05	9.735e-19
9.82066e-05	9.882e-19
9.86988e-05	1.003e-18
9.91935e-05	1.018e-18
9.96906e-05	1.034e-18
1.00190e-04	1.049e-18
1.00692e-04	1.065e-18
1.01197e-04	1.081e-18
1.01704e-04	1.098e-18
1.02214e-04	1.114e-18
1.02726e-04	1.131e-18
1.03241e-04	1.148e-18
1.03759e-04	1.165e-18
1.04279e-04	1.183e-18
1.04801e-04	1.201e-18
1.05326e-04	1.219e-18
1.05854e-04	1.238e-18
1.06385e-04	1.256e-18
1.06918e-04	1.275e-18
1.07454e-04	1.294e-18
1.07992e-04	1.314e-18
1.08534e-04	1.334e-18
1.09078e-04	1.354e-18
1.09624e-04	1.375e-18
1.10174e-04	1.395e-18
1.10726e-04	1.416e-18
1.11281e-04	1.438e-18
1.11838e-04	1.459e-18
1.12399e-04	1.482e-18
1.12962e-04	1.504e-18
1.13528e-04	1.527e-18
1.14097e-04	1.550e-18
1.14669e-04	1.573e-18
1.15244e-04	1.597e-18
1.15822e-04	1.621e-18
1.16402e-04	1.646e-18
1.16985e-04	1.670e-18
1.17572e-04	1.696e-18
1.18161e-04	1.721e-18
1.18753e-04	1.747e-18
1.19348e-04	1.774e-18
1.19947e-04	1.800e-18
1.20548e-04	1.828e-18
1.21152e-04	1.855e-18
1.21759e-04	1.883e-18
1.22369e-04	1.912e-18
1.22983e-04	1.941e-18
1.23599e-04	1.970e-18
1.24218e-04	2.000e-18
1.24841e-04	2.030e-18
1.25467e-04	2.061e-18
1.26095e-04	2.092e-18
1.26727e-04	2.123e-18
1.27363e-04	2.155e-18
1.28001e-04	2.188e-18
1.28642e-04	2.221e-18
1.29287e-04	2.255e-18
1.29935e-04	2.289e-18
1.30586e-04	2.323e-18
1.31241e-04	2.358e-18
1.31899e-04	2.394e-18
1.32560e-04	2.430e-18
1.33224e-04	2.467e-18
1.33892e-04	2.504e-18
1.34563e-04	2.542e-18
1.35237e-04	2.580e-18
1.35915e-04	2.619e-18
1.36596e-04	2.659e-18
1.37281e-04	2.699e-18
1.37969e-04	2.740e-18
1.38660e-04	2.781e-18
1.39355e-04	2.823e-18
1.40054e-04	2.866e-18
1.40756e-04	2.909e-18
1.41461e-04	2.953e-18
1.42170e-04	2.998e-18
1.42882e-04	3.043e-18
1.43599e-04	3.089e-18
1.44318e-04	3.136e-18
1.45042e-04	3.183e-18
1.45768e-04	3.231e-18
1.46499e-04	3.280e-18
1.47233e-04	3.330e-18
1.47971e-04	3.380e-18
1.48713e-04	3.431e-18
1.49458e-04	3.483e-18
1.50207e-04	3.536e-18
1.50960e-04	3.589e-18
1.51717e-04	3.643e-18
1.52477e-04	3.698e-18
1.53241e-04	3.754e-18
1.54009e-04	3.811e-18
1.54781e-04	3.869e-18
1.55557e-04	3.927e-18
1.56336e-04	3.986e-18
1.57120e-04	4.047e-18
1.57907e-04	4.108e-18
1.58699e-04	4.170e-18
1.59494e-04	4.233e-18
1.60294e-04	4.297e-18
1.61097e-04	4.362e-18
1.61904e-04	4.428e-18
1.62716e-04	4.495e-18
1.63531e-04	4.563e-18
1.64351e-04	4.631e-18
1.65175e-04	4.701e-18
1.66002e-04	4.772e-18
1.66834e-04	4.845e-18
1.67670e-04	4.918e-18
1.68511e-04	4.992e-18
1.69355e-04	5.068e-18
1.70204e-04	5.144e-18
1.71057e-04	5.222e-18
1.71914e-04	5.301e-18
1.72776e-04	5.381e-18
1.73642e-04	5.462e-18
1.74512e-04	5.545e-18
1.75387e-04	5.628e-18
1.76266e-04	5.714e-18
1.77149e-04	5.800e-18
1.78037e-04	5.887e-18
1.78929e-04	5.976e-18
1.79826e-04	6.067e-18
1.80727e-04	6.158e-18
1.81633e-04	6.251e-18
1.82544e-04	6.346e-18
1.83458e-04	6.442e-18
1.84378e-04	6.539e-18
1.85302e-04	6.638e-18
1.86231e-04	6.738e-18
1.87164e-04	6.840e-18
1.88102e-04	6.943e-18
1.89045e-04	7.048e-18
1.89992e-04	7.155e-18
1.90944e-04	7.263e-18
1.91901e-04	7.373e-18
1.92863e-04	7.484e-18
1.93830e-04	7.597e-18
1.94801e-04	7.712e-18
1.95778e-04	7.829e-18
1.96759e-04	7.947e-18
1.97745e-04	8.067e-18
1.98736e-04	8.189e-18
1.99732e-04	8.313e-18
2.00733e-04	8.438e-18
2.01739e-04	8.566e-18
2.02750e-04	8.695e-18
2.03766e-04	8.826e-18
2.04788e-04	8.960e-18
2.05814e-04	9.095e-18
2.06845e-04	9.233e-18
2.07882e-04	9.372e-18
2.08924e-04	9.514e-18
2.09971e-04	9.658e-18
2.11023e-04	9.803e-18
2.12081e-04	9.952e-18
2.13144e-04	1.010e-17
2.14212e-04	1.025e-17
2.15286e-04	1.041e-17
2.16365e-04	1.057e-17
2.17449e-04	1.073e-17
2.18539e-04	1.089e-17
2.19634e-04	1.105e-17
2.20735e-04	1.122e-17
2.21841e-04	1.139e-17
2.22953e-04	1.156e-17
2.24071e-04	1.174e-17
2.25194e-04	1.191e-17
2.26322e-04	1.209e-17
2.27456e-04	1.228e-17
2.28596e-04	1.246e-17
2.29742e-04	1.265e-17
2.30894e-04	1.284e-17
2.32051e-04	1.304e-17
2.33214e-04	1.323e-17
2.34383e-04	1.343e-17
2.35557e-04	1.364e-17
2.36738e-04	1.384e-17
2.37924e-04	1.405e-17
2.39117e-04	1.426e-17
2.40315e-04	1.448e-17
2.41520e-04	1.470e-17
2.42730e-04	1.492e-17
2.43947e-04	1.514e-17
2.45169e-04	1.537e-17
2.46398e-04	1.561e-17
2.47633e-04	1.584e-17
2.48874e-04	1.608e-17
2.50121e-04	1.632e-17
2.51375e-04	1.657e-17
2.52635e-04	1.682e-17
2.53901e-04	1.708e-17
2.55173e-04	1.733e-17
2.56452e-04	1.760e-17
2.57738e-04	1.786e-17
2.59029e-04	1.813e-17
2.60328e-04	1.840e-17
2.61632e-04	1.868e-17
2.62943e-04	1.897e-17
2.64261e-04	1.925e-17
2.65586e-04	1.954e-17
2.66917e-04	1.984e-17
2.68255e-04	2.014e-17
2.69599e-04	2.044e-17
2.70950e-04	2.075e-17
2.72308e-04	2.106e-17
2.73673e-04	2.138e-17
2.75044e-04	2.171e-17
2.76423e-04	2.203e-17
2.77808e-04	2.237e-17
2.79201e-04	2.270e-17
2.80600e-04	2.305e-17
2.82006e-04	2.340e-17
2.83420e-04	2.375e-17
2.84840e-04	2.411e-17
2.86268e-04	2.447e-17
2.87702e-04	2.484e-17
2.89144e-04	2.522e-17
2.90594e-04	2.560e-17
2.92050e-04	2.599e-17
2.93514e-04	2.638e-17
2.94985e-04	2.678e-17
2.96463e-04	2.718e-17
2.97949e-04	2.759e-17
2.99442e-04	2.801e-17
3.00943e-04	2.843e-17
3.02451e-04	2.886e-17
3.03967e-04	2.929e-17
3.05490e-04	2.972e-17
3.07022e-04	3.017e-17
3.08560e-04	3.062e-17
3.10107e-04	3.107e-17
3.11661e-04	3.154e-17
3.13223e-04	3.201e-17
3.14793e-04	3.248e-17
3.16370e-04	3.297e-17
3.17956e-04	3.346e-17
3.19550e-04	3.396e-17
3.21151e-04	3.447e-17
3.22761e-04	3.498e-17
3.24378e-04	3.550e-17
3.26004e-04	3.603e-17
3.27638e-04	3.657e-17
3.29280e-04	3.711e-17
3.30930e-04	3.767e-17
3.32589e-04	3.823e-17
3.34256e-04	3.880e-17
3.35931e-04	3.938e-17
3.37615e-04	3.997e-17
3.39307e-04	4.056e-17
3.41007e-04	4.117e-17
3.42716e-04	4.178e-17
3.44434e-04	4.240e-17
3.46160e-04	4.304e-17
3.47895e-04	4.368e-17
3.49639e-04	4.433e-17
3.51391e-04	4.499e-17
3.53152e-04	4.566e-17
3.54922e-04	4.634e-17
3.56701e-04	4.703e-17
3.58489e-04	4.774e-17
3.60285e-04	4.845e-17
3.62091e-04	4.917e-17
3.63906e-04	4.990e-17
3.65730e-04	5.065e-17
3.67562e-04	5.140e-17
3.69405e-04	5.217e-17
3.71256e-04	5.295e-17
3.73117e-04	5.374e-17
3.74987e-04	5.454e-17
3.76866e-04	5.535e-17
3.78755e-04	5.618e-17
3.80653e-04	5.702e-17
3.82561e-04	5.787e-17
3.84478e-04	5.873e-17
3.86405e-04	5.961e-17
3.88342e-04	6.050e-17
3.90288e-04	6.140e-17
3.92244e-04	6.231e-17
3.94210e-04	6.324e-17
3.96186e-04	6.419e-17
3.98171e-04	6.514e-17
4.00167e-04	6.611e-17
4.02172e-04	6.710e-17
4.04188e-04	6.810e-17
4.06214e-04	6.912e-17
4.08250e-04	7.015e-17
4.10296e-04	7.119e-17
4.12352e-04	7.226e-17
4.14419e-04	7.333e-17
4.16496e-04	7.443e-17
4.18583e-04	7.554e-17
4.20681e-04	7.667e-17
4.22789e-04	7.781e-17
4.24908e-04	7.897e-17
4.27038e-04	8.015e-17
4.29178e-04	8.134e-17
4.31329e-04	8.256e-17
4.33491e-04	8.379e-17
4.35663e-04	8.504e-17
4.37847e-04	8.630e-17
4.40041e-04	8.759e-17
4.42247e-04	8.890e-17
4.44463e-04	9.022e-17
4.46691e-04	9.157e-17
4.48930e-04	9.294e-17
4.51180e-04	9.432e-17
4.53441e-04	9.573e-17
4.55713e-04	9.716e-17
4.57997e-04	9.861e-17
4.60293e-04	1.001e-16
4.62600e-04	1.016e-16
4.64918e-04	1.031e-16
4.67248e-04	1.046e-16
4.69590e-04	1.062e-16
4.71943e-04	1.078e-16
4.74309e-04	1.094e-16
4.76686e-04	1.110e-16
4.79075e-04	1.127e-16
4.81476e-04	1.143e-16
4.83889e-04	1.160e-16
4.86314e-04	1.178e-16
4.88752e-04	1.195e-16
4.91201e-04	1.213e-16
4.93663e-04	1.231e-16
4.96137e-04	1.250e-16
4.98624e-04	1.268e-16
5.01123e-04	1.287e-16
5.03634e-04	1.306e-16
5.06158e-04	1.326e-16
5.08695e-04	1.346e-16
5.11245e-04	1.366e-16
5.13807e-04	1.386e-16
5.16382e-04	1.407e-16
5.18970e-04	1.428e-16
5.21571e-04	1.449e-16
5.24185e-04	1.471e-16
5.26812e-04	1.493e-16
5.29453e-04	1.515e-16
5.32106e-04	1.537e-16
5.34773e-04	1.560e-16
5.37453e-04	1.584e-16
5.40147e-04	1.607e-16
5.42854e-04	1.631e-16
5.45574e-04	1.656e-16
5.48309e-04	1.680e-16
5.51057e-04	1.705e-16
5.53819e-04	1.731e-16
5.56594e-04	1.757e-16
5.59384e-04	1.783e-16
5.62187e-04	1.809e-16
5.65005e-04	1.836e-16
5.67837e-04	1.864e-16
5.70683e-04	1.892e-16
5.73543e-04	1.920e-16
5.76417e-04	1.948e-16
5.79306e-04	1.977e-16
5.82210e-04	2.007e-16
5.85128e-04	2.037e-16
5.88060e-04	2.067e-16
5.91007e-04	2.098e-16
5.93969e-04	2.129e-16
5.96946e-04	2.161e-16
5.99938e-04	2.193e-16
6.02945e-04	2.226e-16
6.05967e-04	2.259e-16
6.09004e-04	2.293e-16
6.12056e-04	2.327e-16
6.15123e-04	2.362e-16
6.18206e-04	2.397e-16
6.21305e-04	2.433e-16
6.24419e-04	2.469e-16
6.27548e-04	2.506e-16
6.30693e-04	2.543e-16
6.33854e-04	2.581e-16
6.37031e-04	2.620e-16
6.40224e-04	2.659e-16
6.43432e-04	2.699e-16
6.46657e-04	2.739e-16
6.49898e-04	2.780e-16
6.53155e-04	2.821e-16
6.56429e-04	2.863e-16
6.59719e-04	2.906e-16
6.63025e-04	2.949e-16
6.66348e-04	2.993e-16
6.69688e-04	3.038e-16
6.73044e-04	3.083e-16
6.76417e-04	3.129e-16
6.79807e-04	3.176e-16
6.83214e-04	3.223e-16
6.86638e-04	3.271e-16
6.90080e-04	3.320e-16
6.93538e-04	3.370e-16
6.97014e-04	3.420e-16
7.00508e-04	3.471e-16
7.04018e-04	3.523e-16
7.07547e-04	3.575e-16
7.11093e-04	3.628e-16
7.14657e-04	3.683e-16
7.18239e-04	3.738e-16
7.21838e-04	3.793e-16
7.25456e-04	3.850e-16
7.29092e-04	3.907e-16
7.32746e-04	3.966e-16
7.36418e-04	4.025e-16
7.40109e-04	4.085e-16
7.43818e-04	4.146e-16
7.47546e-04	4.207e-16
7.51293e-04	4.270e-16
7.55058e-04	4.334e-16
7.58843e-04	4.399e-16
7.62646e-04	4.464e-16
7.66468e-04	4.531e-16
7.70309e-04	4.598e-16
7.74170e-04	4.667e-16
7.78050e-04	4.737e-16
7.81949e-04	4.807e-16
7.85868e-04	4.879e-16
7.89807e-04	4.952e-16
7.93766e-04	5.025e-16
7.97744e-04	5.100e-16
8.01742e-04	5.176e-16
8.05760e-04	5.254e-16
8.09798e-04	5.332e-16
8.13857e-04	5.412e-16
8.17936e-04	5.492e-16
8.22035e-04	5.574e-16
8.26155e-04	5.657e-16
8.30296e-04	5.742e-16
8.34457e-04	5.827e-16
8.38639e-04	5.914e-16
8.42842e-04	6.003e-16
8.47067e-04	6.092e-16
8.51312e-04	6.183e-16
8.55579e-04	6.275e-16
8.59867e-04	6.369e-16
8.64176e-04	6.464e-16
8.68507e-04	6.560e-16
8.72860e-04	6.658e-16
8.77235e-04	6.757e-16
8.81631e-04	6.858e-16
8.86050e-04	6.960e-16
8.90490e-04	7.064e-16
8.94953e-04	7.170e-16
8.99439e-04	7.276e-16
9.03947e-04	7.385e-16
9.08477e-04	7.495e-16
9.13030e-04	7.607e-16
9.17606e-04	7.720e-16
9.22205e-04	7.836e-16
9.26827e-04	7.952e-16
9.31472e-04	8.071e-16
9.36141e-04	8.191e-16
9.40832e-04	8.314e-16
9.45548e-04	8.438e-16
9.50287e-04	8.563e-16
9.55049e-04	8.691e-16
9.59836e-04	8.821e-16
9.64646e-04	8.952e-16
9.69481e-04	9.086e-16
9.74340e-04	9.221e-16
9.79223e-04	9.359e-16
9.84131e-04	9.499e-16
9.89063e-04	9.640e-16
9.94020e-04	9.784e-16
9.99002e-04	9.930e-16
1.00401e-03	1.008e-15
1.00904e-03	1.023e-15
1.01410e-03	1.038e-15
1.01918e-03	1.054e-15
1.02429e-03	1.069e-15
1.02942e-03	1.085e-15
1.03458e-03	1.101e-15
1.03977e-03	1.118e-15
1.04498e-03	1.135e-15
1.05021e-03	1.151e-15
1.05548e-03	1.169e-15
1.06077e-03	1.186e-15
1.06608e-03	1.204e-15
1.07143e-03	1.222e-15
1.07680e-03	1.240e-15
1.08219e-03	1.258e-15
1.08762e-03	1.277e-15
1.09307e-03	1.296e-15
1.09855e-03	1.316e-15
1.10405e-03	1.335e-15
1.10959e-03	1.355e-15
1.11515e-03	1.375e-15
1.12074e-03	1.396e-15
1.12635e-03	1.417e-15
1.13200e-03	1.438e-15
1.13767e-03	1.459e-15
1.14337e-03	1.481e-15
1.14910e-03	1.503e-15
1.15486e-03	1.525e-15
1.16065e-03	1.548e-15
1.16647e-03	1.571e-15
1.17231e-03	1.595e-15
1.17819e-03	1.619e-15
1.18409e-03	1.643e-15
1.19003e-03	1.667e-15
1.19599e-03	1.692e-15
1.20199e-03	1.717e-15
1.20801e-03	1.743e-15
1.21407e-03	1.769e-15
1.22015e-03	1.795e-15
1.22627e-03	1.822e-15
1.23241e-03	1.849e-15
1.23859e-03	1.877e-15
1.24480e-03	1.905e-15
1.25103e-03	1.933e-15
1.25730e-03	1.962e-15
1.26361e-03	1.991e-15
1.26994e-03	2.021e-15
1.27630e-03	2.051e-15
1.28270e-03	2.082e-15
1.28913e-03	2.113e-15
1.29559e-03	2.144e-15
1.30208e-03	2.176e-15
1.30861e-03	2.209e-15
1.31517e-03	2.242e-15
1.32176e-03	2.275e-15
1.32838e-03	2.309e-15
1.33504e-03	2.344e-15
1.34173e-03	2.378e-15
1.34846e-03	2.414e-15
1.35521e-03	2.450e-15
1.36201e-03	2.487e-15
1.36883e-03	2.524e-15
1.37569e-03	2.561e-15
1.38259e-03	2.599e-15
1.38952e-03	2.638e-15
1.39648e-03	2.678e-15
1.40348e-03	2.717e-15
1.41051e-03	2.758e-15
1.41758e-03	2.799e-15
1.42469e-03	2.841e-15
1.43183e-03	2.883e-15
1.43900e-03	2.926e-15
1.44622e-03	2.970e-15
1.45346e-03	3.014e-15
1.46075e-03	3.059e-15
1.46807e-03	3.105e-15
1.47543e-03	3.151e-15
1.48282e-03	3.198e-15
1.49025e-03	3.246e-15
1.49772e-03	3.294e-15
1.50523e-03	3.343e-15
1.51277e-03	3.393e-15
1.52036e-03	3.444e-15
1.52798e-03	3.495e-15
1.53563e-03	3.547e-15
1.54333e-03	3.600e-15
1.55106e-03	3.654e-15
1.55884e-03	3.708e-15
1.56665e-03	3.764e-15
1.57450e-03	3.820e-15
1.58239e-03	3.877e-15
1.59032e-03	3.935e-15
1.59829e-03	3.993e-15
1.60631e-03	4.053e-15
1.61436e-03	4.113e-15
1.62245e-03	4.175e-15
1.63058e-03	4.237e-15
1.63875e-03	4.300e-15
1.64696e-03	4.364e-15
1.65522e-03	4.429e-15
1.66351e-03	4.496e-15
1.67185e-03	4.563e-15
1.68023e-03	4.631e-15
1.68865e-03	4.700e-15
1.69711e-03	4.770e-15
1.70562e-03	4.841e-15
1.71417e-03	4.913e-15
1.72276e-03	4.986e-15
1.73139e-03	5.061e-15
1.74007e-03	5.136e-15
1.74879e-03	5.213e-15
1.75756e-03	5.291e-15
1.76636e-03	5.370e-15
1.77522e-03	5.450e-15
1.78411e-03	5.531e-15
1.79306e-03	5.613e-15
1.80204e-03	5.697e-15
1.81107e-03	5.782e-15
1.82015e-03	5.868e-15
1.82927e-03	5.956e-15
1.83844e-03	6.045e-15
1.84766e-03	6.135e-15
1.85692e-03	6.226e-15
1.86622e-03	6.319e-15
1.87558e-03	6.414e-15
1.88498e-03	6.509e-15
1.89442e-03	6.606e-15
1.90392e-03	6.705e-15
1.91346e-03	6.805e-15
1.92305e-03	6.906e-15
1.93269e-03	7.009e-15
1.94237e-03	7.114e-15
1.95211e-03	7.220e-15
1.96189e-03	7.328e-15
1.97172e-03	7.437e-15
1.98161e-03	7.548e-15
1.99154e-03	7.660e-15
2.00152e-03	7.775e-15
2.01155e-03	7.891e-15
2.02163e-03	8.008e-15
2.03176e-03	8.128e-15
2.04195e-03	8.249e-15
2.05218e-03	8.372e-15
2.06247e-03	8.497e-15
2.07280e-03	8.624e-15
2.08319e-03	8.752e-15
2.09363e-03	8.883e-15
2.10412e-03	9.015e-15
2.11467e-03	9.150e-15
2.12527e-03	9.286e-15
2.13592e-03	9.425e-15
2.14663e-03	9.565e-15
2.15738e-03	9.708e-15
2.16820e-03	9.853e-15
2.17906e-03	1.000e-14
2.18998e-03	1.015e-14
2.20096e-03	1.030e-14
2.21199e-03	1.045e-14
2.22308e-03	1.061e-14
2.23422e-03	1.077e-14
2.24542e-03	1.093e-14
2.25667e-03	1.109e-14
2.26798e-03	1.126e-14
2.27935e-03	1.142e-14
2.29077e-03	1.160e-14
2.30225e-03	1.177e-14
2.31379e-03	1.194e-14
2.32539e-03	1.212e-14
2.33704e-03	1.230e-14
2.34875e-03	1.249e-14
2.36052e-03	1.267e-14
2.37236e-03	1.286e-14
2.38425e-03	1.305e-14
2.39619e-03	1.325e-14
2.40820e-03	1.345e-14
2.42027e-03	1.365e-14
2.43240e-03	1.385e-14
2.44459e-03	1.406e-14
2.45685e-03	1.427e-14
2.46916e-03	1.448e-14
2.48153e-03	1.469e-14
2.49397e-03	1.491e-14
2.50647e-03	1.514e-14
2.51903e-03	1.536e-14
2.53166e-03	1.559e-14
2.54435e-03	1.582e-14
2.55710e-03	1.606e-14
2.56991e-03	1.630e-14
2.58279e-03	1.654e-14
2.59574e-03	1.679e-14
2.60875e-03	1.704e-14
2.62182e-03	1.729e-14
2.63496e-03	1.755e-14
2.64817e-03	1.781e-14
2.66144e-03	1.808e-14
2.67478e-03	1.835e-14
2.68818e-03	1.862e-14
2.70166e-03	1.890e-14
2.71520e-03	1.918e-14
2.72881e-03	1.947e-14
2.74248e-03	1.976e-14
2.75623e-03	2.005e-14
2.77004e-03	2.035e-14
2.78392e-03	2.066e-14
2.79788e-03	2.096e-14
2.81190e-03	2.128e-14
2.82599e-03	2.159e-14
2.84016e-03	2.192e-14
2.85439e-03	2.224e-14
2.86870e-03	2.257e-14
2.88307e-03	2.291e-14
2.89752e-03	2.325e-14
2.91204e-03	2.360e-14
2.92664e-03	2.395e-14
2.94131e-03	2.431e-14
2.95605e-03	2.467e-14
2.97086e-03	2.504e-14
2.98575e-03	2.541e-14
3.00072e-03	2.579e-14
3.01576e-03	2.618e-14
3.03087e-03	2.657e-14
3.04606e-03	2.696e-14
3.06133e-03	2.737e-14
3.07667e-03	2.777e-14
3.09209e-03	2.819e-14
3.10759e-03	2.861e-14
3.12316e-03	2.904e-14
3.13881e-03	2.947e-14
3.15455e-03	2.991e-14
3.17036e-03	3.035e-14
3.18624e-03	3.081e-14
3.20221e-03	3.127e-14
3.21826e-03	3.173e-14
3.23439e-03	3.221e-14
3.25060e-03	3.269e-14
3.26689e-03	3.317e-14
3.28327e-03	3.367e-14
3.29972e-03	3.417e-14
3.31626e-03	3.468e-14
3.33288e-03	3.520e-14
3.34958e-03	3.572e-14
3.36637e-03	3.626e-14
3.38324e-03	3.680e-14
3.40020e-03	3.735e-14
3.41724e-03	3.790e-14
3.43437e-03	3.847e-14
3.45158e-03	3.904e-14
3.46888e-03	3.962e-14
3.48626e-03	4.021e-14
3.50374e-03	4.081e-14
3.52130e-03	4.142e-14
3.53894e-03	4.204e-14
3.55668e-03	4.267e-14
3.57451e-03	4.330e-14
3.59242e-03	4.395e-14
3.61043e-03	4.461e-14
3.62852e-03	4.527e-14
3.64671e-03	4.595e-14
3.66498e-03	4.663e-14
3.68335e-03	4.733e-14
3.70181e-03	4.803e-14
3.72036e-03	4.875e-14
3.73901e-03	4.948e-14
3.75775e-03	5.021e-14
3.77658e-03	5.096e-14
3.79551e-03	5.172e-14
3.81453e-03	5.250e-14
3.83365e-03	5.328e-14
3.85286e-03	5.407e-14
3.87217e-03	5.488e-14
3.89158e-03	5.570e-14
3.91109e-03	5.653e-14
3.93069e-03	5.737e-14
3.95039e-03	5.823e-14
3.97019e-03	5.910e-14
3.99008e-03	5.998e-14
4.01008e-03	6.087e-14
4.03018e-03	6.178e-14
4.05038e-03	6.270e-14
4.07068e-03	6.364e-14
4.09108e-03	6.459e-14
4.11158e-03	6.555e-14
4.13219e-03	6.653e-14
4.15290e-03	6.752e-14
4.17371e-03	6.853e-14
4.19463e-03	6.955e-14
4.21565e-03	7.059e-14
4.23678e-03	7.164e-14
4.25802e-03	7.271e-14
4.27936e-03	7.379e-14
4.30080e-03	7.489e-14
4.32236e-03	7.601e-14
4.34402e-03	7.714e-14
4.36579e-03	7.829e-14
4.38767e-03	7.946e-14
4.40966e-03	8.065e-14
4.43177e-03	8.185e-14
4.45398e-03	8.307e-14
4.47630e-03	8.431e-14
4.49873e-03	8.557e-14
4.52128e-03	8.684e-14
4.54394e-03	8.814e-14
4.56671e-03	8.945e-14
4.58960e-03	9.079e-14
4.61260e-03	9.214e-14
4.63572e-03	9.352e-14
4.65895e-03	9.491e-14
4.68230e-03	9.633e-14
4.70577e-03	9.776e-14
4.72936e-03	9.922e-14
4.75306e-03	1.007e-13
4.77688e-03	1.022e-13
4.80082e-03	1.037e-13
4.82488e-03	1.053e-13
4.84906e-03	1.068e-13
4.87337e-03	1.084e-13
4.89779e-03	1.101e-13
4.92234e-03	1.117e-13
4.94701e-03	1.134e-13
4.97180e-03	1.151e-13
4.99672e-03	1.168e-13
5.02176e-03	1.185e-13
5.04693e-03	1.203e-13
5.07222e-03	1.221e-13
5.09765e-03	1.239e-13
5.12319e-03	1.257e-13
5.14887e-03	1.276e-13
5.17468e-03	1.295e-13
5.20061e-03	1.315e-13
5.22667e-03	1.334e-13
5.25287e-03	1.354e-13
5.27920e-03	1.374e-13
5.30566e-03	1.395e-13
5.33225e-03	1.416e-13
5.35897e-03	1.437e-13
5.38583e-03	1.458e-13
5.41282e-03	1.480e-13
5.43995e-03	1.502e-13
5.46721e-03	1.524e-13
5.49462e-03	1.547e-13
5.52215e-03	1.570e-13
5.54983e-03	1.594e-13
5.57764e-03	1.617e-13
5.60560e-03	1.641e-13
5.63369e-03	1.666e-13
5.66193e-03	1.691e-13
5.69030e-03	1.716e-13
5.71882e-03	1.742e-13
5.74748e-03	1.768e-13
5.77629e-03	1.794e-13
5.80524e-03	1.821e-13
5.83433e-03	1.848e-13
5.86358e-03	1.875e-13
5.89296e-03	1.903e-13
5.92250e-03	1.932e-13
5.95218e-03	1.961e-13
5.98201e-03	1.990e-13
6.01199e-03	2.019e-13
6.04212e-03	2.050e-13
6.07241e-03	2.080e-13
6.10284e-03	2.111e-13
6.13343e-03	2.143e-13
6.16417e-03	2.175e-13
6.19506e-03	2.207e-13
6.22611e-03	2.240e-13
6.25731e-03	2.273e-13
6.28867e-03	2.307e-13
6.32019e-03	2.342e-13
6.35187e-03	2.377e-13
6.38370e-03	2.412e-13
6.41569e-03	2.448e-13
6.44785e-03	2.485e-13
6.48017e-03	2.522e-13
6.51264e-03	2.559e-13
6.54528e-03	2.597e-13
6.57809e-03	2.636e-13
6.61106e-03	2.675e-13
6.64419e-03	2.715e-13
6.67749e-03	2.756e-13
6.71095e-03	2.797e-13
6.74459e-03	2.839e-13
6.77839e-03	2.881e-13
6.81236e-03	2.924e-13
6.84651e-03	2.968e-13
6.88082e-03	3.012e-13
6.91531e-03	3.057e-13
6.94996e-03	3.102e-13
6.98480e-03	3.149e-13
7.01980e-03	3.196e-13
7.05498e-03	3.243e-13
7.09034e-03	3.292e-13
7.12588e-03	3.341e-13
7.16159e-03	3.391e-13
7.19748e-03	3.441e-13
7.23356e-03	3.492e-13
7.26981e-03	3.545e-13
7.30625e-03	3.597e-13
7.34286e-03	3.651e-13
7.37967e-03	3.706e-13
7.41665e-03	3.761e-13
7.45382e-03	3.817e-13
7.49118e-03	3.874e-13
7.52872e-03	3.932e-13
7.56646e-03	3.990e-13
7.60438e-03	4.050e-13
7.64249e-03	4.110e-13
7.68079e-03	4.171e-13
7.71929e-03	4.234e-13
7.75798e-03	4.297e-13
7.79686e-03	4.361e-13
7.83593e-03	4.426e-13
7.87521e-03	4.492e-13
7.91468e-03	4.559e-13
7.95434e-03	4.627e-13
7.99421e-03	4.696e-13
8.03427e-03	4.766e-13
8.07454e-03	4.837e-13
8.11501e-03	4.909e-13
8.15568e-03	4.982e-13
8.19655e-03	5.057e-13
8.23763e-03	5.132e-13
8.27892e-03	5.209e-13
8.32041e-03	5.286e-13
8.36211e-03	5.365e-13
8.40402e-03	5.445e-13
8.44614e-03	5.527e-13
8.48847e-03	5.609e-13
8.53102e-03	5.693e-13
8.57377e-03	5.778e-13
8.61674e-03	5.864e-13
8.65993e-03	5.951e-13
8.70333e-03	6.040e-13
8.74695e-03	6.130e-13
8.79079e-03	6.221e-13
8.83485e-03	6.314e-13
8.87912e-03	6.408e-13
8.92363e-03	6.504e-13
8.96835e-03	6.601e-13
9.01330e-03	6.699e-13
9.05847e-03	6.799e-13
9.10387e-03	6.901e-13
9.14950e-03	7.004e-13
9.19535e-03	7.108e-13
9.24144e-03	7.214e-13
9.28775e-03	7.322e-13
9.33430e-03	7.431e-13
9.38108e-03	7.542e-13
9.42810e-03	7.654e-13
9.47535e-03	7.768e-13
9.52284e-03	7.884e-13
9.57057e-03	8.002e-13
9.61854e-03	8.121e-13
9.66674e-03	8.242e-13
9.71519e-03	8.365e-13
9.76388e-03	8.490e-13
9.81282e-03	8.617e-13
9.86200e-03	8.745e-13
9.91142e-03	8.876e-13
9.96110e-03	9.008e-13
1.00110e-02	9.142e-13
1.00612e-02	9.279e-13
1.01116e-02	9.417e-13
1.01623e-02	9.558e-13
1.02132e-02	9.700e-13
1.02644e-02	9.845e-13
1.03159e-02	9.992e-13
1.03676e-02	1.014e-12
1.04195e-02	1.029e-12
1.04717e-02	1.045e-12
1.05242e-02	1.060e-12
1.05770e-02	1.076e-12
1.06300e-02	1.092e-12
1.06833e-02	1.108e-12
1.07368e-02	1.125e-12
1.07906e-02	1.142e-12
1.08447e-02	1.159e-12
1.08990e-02	1.176e-12
1.09537e-02	1.193e-12
1.10086e-02	1.211e-12
1.10637e-02	1.229e-12
1.11192e-02	1.248e-12
1.11749e-02	1.266e-12
1.12309e-02	1.285e-12
1.12872e-02	1.304e-12
1.13438e-02	1.324e-12
1.14006e-02	1.344e-12
1.14578e-02	1.364e-12
1.15152e-02	1.384e-12
1.15729e-02	1.405e-12
1.16309e-02	1.425e-12
1.16892e-02	1.447e-12
1.17478e-02	1.468e-12
1.18067e-02	1.490e-12
1.18658e-02	1.512e-12
1.19253e-02	1.535e-12
1.19851e-02	1.558e-12
1.20451e-02	1.581e-12
1.21055e-02	1.605e-12
1.21662e-02	1.629e-12
1.22272e-02	1.653e-12
1.22884e-02	1.678e-12
1.23500e-02	1.703e-12
1.24119e-02	1.728e-12
1.24741e-02	1.754e-12
1.25366e-02	1.780e-12
1.25995e-02	1.806e-12
1.26626e-02	1.833e-12
1.27261e-02	1.861e-12
1.27899e-02	1.889e-12
1.28540e-02	1.917e-12
1.29184e-02	1.945e-12
1.29831e-02	1.974e-12
1.30482e-02	2.004e-12
1.31136e-02	2.034e-12
1.31793e-02	2.064e-12
1.32454e-02	2.095e-12
1.33118e-02	2.126e-12
1.33785e-02	2.158e-12
1.34455e-02	2.190e-12
1.35129e-02	2.223e-12
1.35806e-02	2.256e-12
1.36487e-02	2.289e-12
1.37171e-02	2.323e-12
1.37859e-02	2.358e-12
1.38549e-02	2.393e-12
1.39244e-02	2.429e-12
1.39942e-02	2.465e-12
1.40643e-02	2.502e-12
1.41348e-02	2.539e-12
1.42056e-02	2.577e-12
1.42768e-02	2.616e-12
1.43484e-02	2.655e-12
1.44203e-02	2.694e-12
1.44926e-02	2.734e-12
1.45652e-02	2.775e-12
1.46382e-02	2.817e-12
1.47116e-02	2.859e-12
1.47853e-02	2.901e-12
1.48594e-02	2.945e-12
1.49339e-02	2.988e-12
1.50087e-02	3.033e-12
1.50839e-02	3.078e-12
1.51595e-02	3.124e-12
1.52355e-02	3.171e-12
1.53119e-02	3.218e-12
1.53886e-02	3.266e-12
1.54657e-02	3.315e-12
1.55433e-02	3.364e-12
1.56211e-02	3.414e-12
1.56994e-02	3.465e-12
1.57781e-02	3.517e-12
1.58572e-02	3.569e-12
1.59367e-02	3.623e-12
1.60165e-02	3.677e-12
1.60968e-02	3.732e-12
1.61775e-02	3.787e-12
1.62586e-02	3.844e-12
1.63401e-02	3.901e-12
1.64220e-02	3.959e-12
1.65043e-02	4.018e-12
1.65870e-02	4.078e-12
1.66701e-02	4.139e-12
1.67537e-02	4.201e-12
1.68376e-02	4.263e-12
1.69220e-02	4.327e-12
1.70068e-02	4.392e-12
1.70921e-02	4.457e-12
1.71777e-02	4.524e-12
1.72638e-02	4.591e-12
1.73503e-02	4.659e-12
1.74373e-02	4.729e-12
1.75247e-02	4.800e-12
1.76125e-02	4.871e-12
1.77008e-02	4.944e-12
1.77895e-02	5.017e-12
1.78787e-02	5.092e-12
1.79683e-02	5.168e-12
1.80583e-02	5.245e-12
1.81488e-02	5.324e-12
1.82398e-02	5.403e-12
1.83312e-02	5.484e-12
1.84231e-02	5.565e-12
1.85154e-02	5.648e-12
1.86082e-02	5.733e-12
1.87015e-02	5.818e-12
1.87952e-02	5.905e-12
1.88894e-02	5.993e-12
1.89840e-02	6.082e-12
1.90792e-02	6.173e-12
1.91748e-02	6.265e-12
1.92709e-02	6.359e-12
1.93675e-02	6.453e-12
1.94646e-02	6.550e-12
1.95621e-02	6.647e-12
1.96602e-02	6.747e-12
1.97587e-02	6.847e-12
1.98577e-02	6.949e-12
1.99572e-02	7.053e-12
2.00573e-02	7.158e-12
2.01578e-02	7.265e-12
2.02588e-02	7.373e-12
2.03604e-02	7.482e-12
2.04624e-02	7.593e-12
2.05650e-02	7.705e-12
2.06680e-02	7.819e-12
2.07716e-02	7.935e-12
2.08757e-02	8.053e-12
2.09803e-02	8.172e-12
2.10855e-02	8.293e-12
2.11912e-02	8.416e-12
2.12974e-02	8.541e-12
2.14041e-02	8.667e-12
2.15114e-02	8.796e-12
2.16192e-02	8.926e-12
2.17275e-02	9.058e-12
2.18364e-02	9.193e-12
2.19459e-02	9.329e-12
2.20559e-02	9.467e-12
2.21664e-02	9.607e-12
2.22775e-02	9.750e-12
2.23892e-02	9.894e-12
2.25014e-02	1.004e-11
2.26141e-02	1.019e-11
2.27275e-02	1.034e-11
2.28414e-02	1.049e-11
2.29559e-02	1.065e-11
2.30709e-02	1.081e-11
2.31865e-02	1.097e-11
2.33027e-02	1.113e-11
2.34195e-02	1.129e-11
2.35369e-02	1.146e-11
2.36549e-02	1.163e-11
2.37734e-02	1.180e-11
2.38926e-02	1.198e-11
2.40123e-02	1.216e-11
2.41327e-02	1.234e-11
2.42536e-02	1.252e-11
2.43752e-02	1.271e-11
2.44973e-02	1.289e-11
2.46201e-02	1.308e-11
2.47435e-02	1.328e-11
2.48675e-02	1.348e-11
2.49921e-02	1.367e-11
2.51174e-02	1.388e-11
2.52433e-02	1.408e-11
2.53698e-02	1.429e-11
2.54970e-02	1.450e-11
2.56247e-02	1.472e-11
2.57532e-02	1.494e-11
2.58822e-02	1.516e-11
2.60120e-02	1.538e-11
2.61423e-02	1.561e-11
2.62733e-02	1.584e-11
2.64050e-02	1.608e-11
2.65374e-02	1.631e-11
2.66704e-02	1.656e-11
2.68040e-02	1.680e-11
2.69384e-02	1.705e-11
2.70734e-02	1.730e-11
2.72091e-02	1.756e-11
2.73454e-02	1.782e-11
2.74825e-02	1.808e-11
2.76202e-02	1.835e-11
2.77586e-02	1.862e-11
2.78978e-02	1.890e-11
2.80376e-02	1.918e-11
2.81781e-02	1.946e-11
2.83193e-02	1.975e-11
2.84613e-02	2.005e-11
2.86039e-02	2.034e-11
2.87473e-02	2.064e-11
2.88913e-02	2.095e-11
2.90361e-02	2.126e-11
2.91817e-02	2.157e-11
2.93279e-02	2.189e-11
2.94749e-02	2.222e-11
2.96226e-02	2.255e-11
2.97711e-02	2.288e-11
2.99203e-02	2.322e-11
3.00702e-02	2.357e-11
3.02210e-02	2.391e-11
3.03724e-02	2.427e-11
3.05246e-02	2.463e-11
3.06776e-02	2.499e-11
3.08314e-02	2.536e-11
3.09859e-02	2.574e-11
3.11412e-02	2.612e-11
3.12973e-02	2.651e-11
3.14541e-02	2.690e-11
3.16118e-02	2.730e-11
3.17702e-02	2.770e-11
3.19294e-02	2.811e-11
3.20895e-02	2.853e-11
3.22503e-02	2.895e-11
3.24119e-02	2.938e-11
3.25744e-02	2.982e-11
3.27376e-02	3.026e-11
3.29017e-02	3.071e-11
3.30666e-02	3.116e-11
3.32323e-02	3.163e-11
3.33989e-02	3.209e-11
3.35663e-02	3.257e-11
3.37345e-02	3.305e-11
3.39036e-02	3.354e-11
3.40735e-02	3.404e-11
3.42442e-02	3.454e-11
3.44159e-02	3.506e-11
3.45884e-02	3.557e-11
3.47617e-02	3.610e-11
3.49359e-02	3.664e-11
3.51110e-02	3.718e-11
3.52870e-02	3.773e-11
3.54638e-02	3.829e-11
3.56416e-02	3.886e-11
3.58202e-02	3.943e-11
3.59997e-02	4.002e-11
3.61802e-02	4.061e-11
3.63615e-02	4.121e-11
3.65437e-02	4.182e-11
3.67269e-02	4.244e-11
3.69110e-02	4.307e-11
3.70959e-02	4.371e-11
3.72819e-02	4.436e-11
3.74687e-02	4.501e-11
3.76565e-02	4.568e-11
3.78452e-02	4.636e-11
3.80349e-02	4.705e-11
3.82255e-02	4.774e-11
3.84171e-02	4.845e-11
3.86096e-02	4.917e-11
3.88032e-02	4.990e-11
3.89976e-02	5.064e-11
3.91931e-02	5.139e-11
3.93895e-02	5.215e-11
3.95869e-02	5.292e-11
3.97853e-02	5.370e-11
3.99847e-02	5.439e-11
4.01851e-02	5.502e-11
4.03865e-02	5.584e-11
4.05889e-02	5.666e-11
4.07924e-02	5.750e-11
4.09968e-02	5.835e-11
4.12023e-02	5.922e-11
4.14088e-02	6.009e-11
4.16163e-02	6.098e-11
4.18249e-02	6.188e-11
4.20345e-02	6.280e-11
4.22452e-02	6.373e-11
4.24569e-02	6.467e-11
4.26697e-02	6.563e-11
4.28835e-02	6.660e-11
4.30985e-02	6.759e-11
4.33145e-02	6.859e-11
4.35315e-02	6.960e-11
4.37497e-02	7.063e-11
4.39690e-02	7.168e-11
4.41893e-02	7.274e-11
4.44108e-02	7.382e-11
4.46334e-02	7.491e-11
4.48571e-02	7.602e-11
4.50819e-02	7.714e-11
4.53078e-02	7.828e-11
4.55349e-02	7.944e-11
4.57631e-02	8.062e-11
4.59925e-02	8.181e-11
4.62230e-02	8.302e-11
4.64547e-02	8.425e-11
4.66875e-02	8.550e-11
4.69215e-02	8.676e-11
4.71566e-02	8.805e-11
4.73930e-02	8.935e-11
4.76305e-02	9.067e-11
4.78692e-02	9.202e-11
4.81091e-02	9.338e-11
4.83503e-02	9.476e-11
4.85926e-02	9.616e-11
4.88361e-02	9.758e-11
4.90809e-02	9.901e-11
4.93269e-02	1.005e-10
4.95741e-02	1.019e-10
4.98225e-02	1.034e-10
5.00722e-02	1.050e-10
5.03232e-02	1.065e-10
5.05754e-02	1.081e-10
5.08289e-02	1.096e-10
5.10836e-02	1.113e-10
5.13396e-02	1.129e-10
5.15970e-02	1.146e-10
5.18555e-02	1.162e-10
5.21154e-02	1.179e-10
5.23766e-02	1.197e-10
5.26391e-02	1.214e-10
5.29030e-02	1.232e-10
5.31681e-02	1.250e-10
5.34346e-02	1.269e-10
5.37024e-02	1.287e-10
5.39715e-02	1.306e-10
5.42420e-02	1.325e-10
5.45139e-02	1.345e-10
5.47871e-02	1.365e-10
5.50617e-02	1.385e-10
5.53376e-02	1.405e-10
5.56150e-02	1.426e-10
5.58937e-02	1.447e-10
5.61738e-02	1.468e-10
5.64554e-02	1.489e-10
5.67383e-02	1.511e-10
5.70227e-02	1.533e-10
5.73085e-02	1.556e-10
5.75957e-02	1.579e-10
5.78843e-02	1.602e-10
5.81744e-02	1.626e-10
5.84660e-02	1.649e-10
5.87590e-02	1.674e-10
5.90535e-02	1.698e-10
5.93495e-02	1.723e-10
5.96469e-02	1.748e-10
5.99459e-02	1.774e-10
6.02463e-02	1.800e-10
6.05483e-02	1.827e-10
6.08517e-02	1.853e-10
6.11567e-02	1.881e-10
6.14632e-02	1.908e-10
6.17712e-02	1.936e-10
6.20808e-02	1.965e-10
6.23920e-02	1.992e-10
6.27047e-02	2.012e-10
6.30189e-02	2.041e-10
6.33348e-02	2.071e-10
6.36522e-02	2.101e-10
6.39712e-02	2.131e-10
6.42918e-02	2.162e-10
6.46140e-02	2.194e-10
6.49379e-02	2.226e-10
6.52633e-02	2.258e-10
6.55904e-02	2.291e-10
6.59192e-02	2.325e-10
6.62495e-02	2.359e-10
6.65816e-02	2.393e-10
6.69153e-02	2.428e-10
6.72506e-02	2.463e-10
6.75877e-02	2.499e-10
6.79264e-02	2.535e-10
6.82669e-02	2.572e-10
6.86090e-02	2.610e-10
6.89529e-02	2.648e-10
6.92984e-02	2.686e-10
6.96457e-02	2.726e-10
6.99948e-02	2.765e-10
7.03456e-02	2.806e-10
7.06982e-02	2.846e-10
7.10525e-02	2.888e-10
7.14086e-02	2.930e-10
7.17665e-02	2.973e-10
7.21262e-02	3.016e-10
7.24876e-02	3.060e-10
7.28509e-02	3.104e-10
7.32161e-02	3.150e-10
7.35830e-02	3.196e-10
7.39518e-02	3.242e-10
7.43224e-02	3.289e-10
7.46949e-02	3.337e-10
7.50693e-02	3.386e-10
7.54455e-02	3.435e-10
7.58236e-02	3.485e-10
7.62036e-02	3.536e-10
7.65856e-02	3.588e-10
7.69694e-02	3.640e-10
7.73552e-02	3.693e-10
7.77428e-02	3.747e-10
7.81325e-02	3.801e-10
7.85241e-02	3.857e-10
7.89176e-02	3.913e-10
7.93131e-02	3.970e-10
7.97106e-02	4.028e-10
8.01101e-02	4.086e-10
8.05116e-02	4.146e-10
8.09152e-02	4.206e-10
8.13207e-02	4.267e-10
8.17282e-02	4.330e-10
8.21379e-02	4.393e-10
8.25495e-02	4.457e-10
8.29632e-02	4.522e-10
8.33790e-02	4.587e-10
8.37969e-02	4.654e-10
8.42169e-02	4.722e-10
8.46390e-02	4.791e-10
8.50632e-02	4.861e-10
8.54895e-02	4.932e-10
8.59180e-02	5.003e-10
8.63486e-02	5.076e-10
8.67813e-02	5.150e-10
8.72163e-02	5.224e-10
8.76534e-02	5.300e-10
8.80927e-02	5.376e-10
8.85342e-02	5.453e-10
8.89779e-02	5.532e-10
8.94239e-02	5.611e-10
8.98720e-02	5.692e-10
9.03224e-02	5.774e-10
9.07751e-02	5.857e-10
9.12301e-02	5.941e-10
9.16873e-02	6.027e-10
9.21468e-02	6.114e-10
9.26087e-02	6.202e-10
9.30728e-02	6.291e-10
9.35393e-02	6.381e-10
9.40081e-02	6.473e-10
9.44792e-02	6.567e-10
9.49527e-02	6.661e-10
9.54286e-02	6.757e-10
9.59069e-02	6.854e-10
9.63876e-02	6.953e-10
9.68706e-02	7.053e-10
9.73561e-02	7.154e-10
9.78441e-02	7.257e-10
9.83345e-02	7.362e-10
9.88273e-02	7.468e-10
9.93226e-02	7.575e-10
9.98204e-02	7.684e-10
1.00321e-01	7.795e-10
1.00823e-01	7.907e-10
1.01329e-01	8.021e-10
1.01837e-01	8.136e-10
1.02347e-01	8.253e-10
1.02860e-01	8.372e-10
1.03375e-01	8.493e-10
1.03894e-01	8.615e-10
1.04414e-01	8.739e-10
1.04938e-01	8.865e-10
1.05463e-01	8.992e-10
1.05992e-01	9.122e-10
1.06523e-01	9.253e-10
1.07057e-01	9.386e-10
1.07594e-01	9.521e-10
1.08133e-01	9.658e-10
1.08675e-01	9.797e-10
1.09220e-01	9.938e-10
1.09767e-01	1.008e-09
1.10317e-01	1.023e-09
1.10870e-01	1.037e-09
1.11426e-01	1.036e-09
1.11984e-01	1.050e-09
1.12545e-01	1.065e-09
1.13109e-01	1.080e-09
1.13676e-01	1.096e-09
1.14246e-01	1.111e-09
1.14819e-01	1.127e-09
1.15394e-01	1.143e-09
1.15972e-01	1.159e-09
1.16554e-01	1.176e-09
1.17138e-01	1.193e-09
1.17725e-01	1.209e-09
1.18315e-01	1.227e-09
1.18908e-01	1.244e-09
1.19504e-01	1.262e-09
1.20103e-01	1.280e-09
1.20705e-01	1.298e-09
1.21310e-01	1.316e-09
1.21918e-01	1.335e-09
1.22529e-01	1.354e-09
1.23143e-01	1.373e-09
1.23760e-01	1.393e-09
1.24380e-01	1.413e-09
1.25003e-01	1.433e-09
1.25630e-01	1.453e-09
1.26260e-01	1.474e-09
1.26892e-01	1.495e-09
1.27528e-01	1.516e-09
1.28168e-01	1.537e-09
1.28810e-01	1.559e-09
1.29455e-01	1.581e-09
1.30104e-01	1.604e-09
1.30756e-01	1.627e-09
1.31412e-01	1.650e-09
1.32070e-01	1.673e-09
1.32732e-01	1.697e-09
1.33397e-01	1.721e-09
1.34066e-01	1.745e-09
1.34738e-01	1.770e-09
1.35413e-01	1.795e-09
1.36092e-01	1.821e-09
1.36774e-01	1.847e-09
1.37459e-01	1.873e-09
1.38148e-01	1.900e-09
1.38841e-01	1.927e-09
1.39537e-01	1.954e-09
1.40236e-01	1.981e-09
1.40939e-01	2.009e-09
1.41645e-01	2.037e-09
1.42355e-01	2.065e-09
1.43068e-01	2.094e-09
1.43785e-01	2.124e-09
1.44506e-01	2.153e-09
1.45230e-01	2.184e-09
1.45958e-01	2.214e-09
1.46690e-01	2.245e-09
1.47425e-01	2.277e-09
1.48164e-01	2.309e-09
1.48906e-01	2.341e-09
1.49653e-01	2.374e-09
1.50403e-01	2.407e-09
1.51156e-01	2.441e-09
1.51914e-01	2.475e-09
1.52675e-01	2.509e-09
1.53441e-01	2.545e-09
1.54210e-01	2.580e-09
1.54983e-01	2.616e-09
1.55759e-01	2.653e-09
1.56540e-01	2.690e-09
1.57324e-01	2.728e-09
1.58113e-01	2.766e-09
1.58905e-01	2.805e-09
1.59702e-01	2.843e-09
1.60502e-01	2.873e-09
1.61307e-01	2.913e-09
1.62115e-01	2.953e-09
1.62928e-01	2.993e-09
1.63744e-01	3.035e-09
1.64565e-01	3.076e-09
1.65390e-01	3.119e-09
1.66218e-01	3.162e-09
1.67051e-01	3.205e-09
1.67889e-01	3.249e-09
1.68730e-01	3.294e-09
1.69576e-01	3.339e-09
1.70426e-01	3.385e-09
1.71280e-01	3.432e-09
1.72138e-01	3.479e-09
1.73001e-01	3.527e-09
1.73868e-01	3.576e-09
1.74739e-01	3.625e-09
1.75615e-01	3.675e-09
1.76495e-01	3.725e-09
1.77380e-01	3.777e-09
1.78269e-01	3.829e-09
1.79162e-01	3.881e-09
1.80060e-01	3.935e-09
1.80963e-01	3.989e-09
1.81870e-01	4.044e-09
1.82781e-01	4.099e-09
1.83697e-01	4.156e-09
1.84618e-01	4.213e-09
1.85543e-01	4.271e-09
1.86473e-01	4.330e-09
1.87408e-01	4.389e-09
1.88347e-01	4.449e-09
1.89291e-01	4.509e-09
1.90240e-01	4.570e-09
1.91193e-01	4.631e-09
1.92151e-01	4.694e-09
1.93114e-01	4.757e-09
1.94082e-01	4.821e-09
1.95055e-01	4.886e-09
1.96032e-01	4.952e-09
1.97015e-01	5.019e-09
1.98002e-01	5.087e-09
1.98995e-01	5.155e-09
1.99992e-01	5.225e-09
2.00994e-01	5.295e-09
2.02002e-01	5.367e-09
2.03014e-01	5.439e-09
2.04032e-01	5.513e-09
2.05054e-01	5.587e-09
2.06082e-01	5.662e-09
2.07115e-01	5.739e-09
2.08153e-01	5.816e-09
2.09196e-01	5.895e-09
2.10244e-01	5.974e-09
2.11298e-01	6.055e-09
2.12357e-01	6.136e-09
2.13421e-01	6.219e-09
2.14491e-01	6.303e-09
2.15566e-01	6.388e-09
2.16646e-01	6.474e-09
2.17732e-01	6.562e-09
2.18823e-01	6.650e-09
2.19920e-01	6.738e-09
2.21022e-01	6.827e-09
2.22130e-01	6.917e-09
2.23243e-01	7.008e-09
2.24362e-01	7.101e-09
2.25487e-01	7.195e-09
2.26617e-01	7.290e-09
2.27753e-01	7.386e-09
2.28894e-01	7.484e-09
2.30041e-01	7.583e-09
2.31194e-01	7.683e-09
2.32353e-01	7.784e-09
2.33517e-01	7.887e-09
2.34688e-01	7.991e-09
2.35864e-01	8.097e-09
2.37046e-01	8.204e-09
2.38234e-01	8.312e-09
2.39428e-01	8.422e-09
2.40628e-01	8.533e-09
2.41834e-01	8.646e-09
2.43046e-01	8.760e-09
2.44264e-01	8.876e-09
2.45488e-01	8.993e-09
2.46719e-01	9.112e-09
2.47955e-01	9.232e-09
2.49217e-01	9.355e-09
2.50466e-01	8.846e-09
2.51712e-01	8.850e-09
2.52964e-01	8.964e-09
2.54231e-01	9.079e-09
2.55506e-01	9.196e-09
2.56786e-01	9.315e-09
2.58073e-01	9.435e-09
2.59366e-01	9.557e-09
2.60666e-01	9.680e-09
2.61973e-01	9.805e-09
2.63286e-01	9.932e-09
2.64605e-01	1.006e-08
2.65931e-01	1.019e-08
2.67264e-01	1.032e-08
2.68604e-01	1.045e-08
2.69950e-01	1.059e-08
2.71303e-01	1.073e-08
2.72663e-01	1.086e-08
2.74029e-01	1.100e-08
2.75403e-01	1.115e-08
2.76783e-01	1.129e-08
2.78170e-01	1.144e-08
2.79564e-01	1.158e-08
2.80965e-01	1.173e-08
2.82373e-01	1.188e-08
2.83789e-01	1.204e-08
2.85211e-01	1.219e-08
2.86640e-01	1.235e-08
2.88077e-01	1.251e-08
2.89521e-01	1.267e-08
2.90972e-01	1.283e-08
2.92430e-01	1.300e-08
2.93896e-01	1.317e-08
2.95369e-01	1.334e-08
2.96849e-01	1.351e-08
2.98337e-01	1.368e-08
2.99832e-01	1.386e-08
3.01335e-01	1.404e-08
3.02845e-01	1.422e-08
3.04363e-01	1.440e-08
3.05888e-01	1.459e-08
3.07421e-01	1.478e-08
3.08962e-01	1.497e-08
3.10510e-01	1.516e-08
3.12067e-01	1.536e-08
3.13631e-01	1.556e-08
3.15203e-01	1.576e-08
3.16782e-01	1.596e-08
3.18370e-01	1.616e-08
3.19966e-01	1.637e-08
3.21569e-01	1.658e-08
3.23181e-01	1.680e-08
3.24801e-01	1.702e-08
3.26428e-01	1.724e-08
3.28064e-01	1.746e-08
3.29709e-01	1.768e-08
3.31361e-01	1.791e-08
3.33022e-01	1.814e-08
3.34691e-01	1.838e-08
3.36368e-01	1.861e-08
3.38054e-01	1.885e-08
3.39748e-01	1.910e-08
3.41451e-01	1.934e-08
3.43162e-01	1.959e-08
3.44882e-01	1.984e-08
3.46611e-01	2.010e-08
3.48348e-01	2.035e-08
3.50094e-01	2.059e-08
3.51848e-01	2.083e-08
3.53612e-01	2.108e-08
3.55384e-01	2.133e-08
3.57165e-01	2.158e-08
3.58955e-01	2.184e-08
3.60754e-01	2.210e-08
3.62562e-01	2.236e-08
3.64379e-01	2.263e-08
3.66206e-01	2.290e-08
3.68041e-01	2.317e-08
3.69885e-01	2.344e-08
3.71739e-01	2.372e-08
3.73602e-01	2.400e-08
3.75475e-01	2.429e-08
3.77357e-01	2.458e-08
3.79248e-01	2.487e-08
3.81149e-01	2.516e-08
3.83059e-01	2.546e-08
3.84979e-01	2.577e-08
3.86908e-01	2.607e-08
3.88847e-01	2.638e-08
3.90796e-01	2.670e-08
3.92755e-01	2.701e-08
3.94723e-01	2.733e-08
3.96701e-01	2.766e-08
3.98690e-01	2.799e-08
4.00688e-01	2.832e-08
4.02696e-01	2.865e-08
4.04714e-01	2.900e-08
4.06743e-01	2.934e-08
4.08781e-01	2.969e-08
4.10830e-01	3.004e-08
4.12889e-01	3.040e-08
4.14958e-01	3.076e-08
4.17038e-01	3.112e-08
4.19128e-01	3.149e-08
4.21229e-01	3.187e-08
4.23340e-01	3.225e-08
4.25461e-01	3.263e-08
4.27594e-01	3.302e-08
4.29737e-01	3.341e-08
4.31891e-01	3.380e-08
4.34055e-01	3.421e-08
4.36231e-01	3.461e-08
4.38417e-01	3.502e-08
4.40614e-01	3.544e-08
4.42822e-01	3.586e-08
4.45042e-01	3.571e-08
4.47272e-01	3.590e-08
4.49514e-01	3.628e-08
4.51767e-01	3.667e-08
4.54031e-01	3.706e-08
4.56307e-01	3.745e-08
4.58593e-01	3.785e-08
4.60892e-01	3.825e-08
4.63202e-01	3.866e-08
4.65523e-01	3.907e-08
4.67856e-01	3.948e-08
4.70201e-01	3.990e-08
4.72558e-01	4.032e-08
4.74926e-01	4.075e-08
4.77306e-01	4.118e-08
4.79699e-01	4.162e-08
4.82103e-01	4.206e-08
4.84519e-01	4.251e-08
4.86947e-01	4.296e-08
4.89388e-01	4.341e-08
4.91841e-01	4.388e-08
4.94306e-01	4.434e-08
4.96783e-01	4.481e-08
4.99273e-01	4.529e-08
5.01775e-01	4.577e-08
5.04290e-01	4.625e-08
5.06817e-01	4.674e-08
5.09357e-01	4.724e-08
5.11910e-01	4.774e-08
5.14476e-01	4.825e-08
5.17054e-01	4.876e-08
5.19646e-01	4.928e-08
5.22250e-01	4.980e-08
5.24867e-01	5.033e-08
5.27498e-01	5.086e-08
5.30142e-01	5.140e-08
5.32799e-01	5.195e-08
5.35469e-01	5.250e-08
5.38153e-01	5.306e-08
5.40850e-01	5.362e-08
5.43560e-01	5.419e-08
5.46285e-01	5.476e-08
5.49023e-01	5.534e-08
5.51774e-01	5.593e-08
5.54540e-01	5.652e-08
5.57319e-01	5.712e-08
5.60112e-01	5.773e-08
5.62919e-01	5.834e-08
5.65740e-01	5.896e-08
5.68576e-01	5.959e-08
5.71425e-01	6.022e-08
5.74289e-01	6.086e-08
5.77168e-01	6.151e-08
5.80060e-01	6.216e-08
5.82967e-01	6.282e-08
5.85889e-01	6.348e-08
5.88826e-01	6.416e-08
5.91777e-01	6.484e-08
5.94743e-01	6.553e-08
5.97723e-01	6.620e-08
6.00719e-01	6.681e-08
6.03730e-01	6.741e-08
6.06755e-01	6.803e-08
6.09796e-01	6.864e-08
6.12853e-01	6.927e-08
6.15924e-01	6.989e-08
6.19011e-01	7.053e-08
6.22113e-01	7.117e-08
6.25231e-01	7.181e-08
6.28365e-01	7.247e-08
6.31514e-01	7.312e-08
6.34679e-01	7.379e-08
6.37860e-01	7.446e-08
6.41057e-01	7.513e-08
6.44270e-01	7.581e-08
6.47499e-01	7.650e-08
6.50744e-01	7.720e-08
6.54005e-01	7.790e-08
6.57283e-01	7.860e-08
6.60577e-01	7.932e-08
6.63888e-01	8.004e-08
6.67215e-01	8.076e-08
6.70559e-01	8.150e-08
6.73920e-01	8.224e-08
6.77298e-01	8.298e-08
6.80692e-01	8.374e-08
6.84104e-01	8.450e-08
6.87532e-01	8.526e-08
6.90978e-01	8.604e-08
6.94441e-01	8.682e-08
6.97922e-01	8.760e-08
7.01419e-01	8.840e-08
7.04935e-01	8.920e-08
7.08468e-01	9.001e-08
7.12019e-01	9.083e-08
7.15587e-01	9.165e-08
7.19173e-01	9.248e-08
7.22778e-01	9.332e-08
7.26400e-01	9.417e-08
7.30041e-01	9.503e-08
7.33700e-01	9.589e-08
7.37377e-01	9.676e-08
7.41073e-01	9.764e-08
7.44787e-01	9.852e-08
7.48519e-01	9.942e-08
7.52271e-01	1.002e-07
7.56041e-01	1.010e-07
7.59830e-01	1.018e-07
7.63638e-01	1.026e-07
7.67466e-01	1.034e-07
7.71312e-01	1.041e-07
7.75178e-01	1.049e-07
7.79063e-01	1.057e-07
7.82967e-01	1.066e-07
7.86891e-01	1.074e-07
7.90835e-01	1.082e-07
7.94799e-01	1.090e-07
7.98782e-01	1.099e-07
8.02786e-01	1.107e-07
8.06809e-01	1.116e-07
8.10853e-01	1.124e-07
8.14916e-01	1.133e-07
8.19001e-01	1.142e-07
8.23105e-01	1.150e-07
8.27231e-01	1.159e-07
8.31377e-01	1.168e-07
8.35543e-01	1.177e-07
8.39731e-01	1.186e-07
8.43939e-01	1.195e-07
8.48169e-01	1.204e-07
8.52420e-01	1.214e-07
8.56692e-01	1.223e-07
8.60986e-01	1.232e-07
8.65301e-01	1.242e-07
8.69638e-01	1.251e-07
8.73996e-01	1.261e-07
8.78376e-01	1.271e-07
8.82779e-01	1.280e-07
8.87203e-01	1.290e-07
8.91650e-01	1.299e-07
8.96118e-01	1.308e-07
9.00610e-01	1.317e-07
9.05123e-01	1.326e-07
9.09660e-01	1.335e-07
9.14219e-01	1.344e-07
9.18801e-01	1.354e-07
9.23405e-01	1.363e-07
9.28033e-01	1.372e-07
9.32685e-01	1.381e-07
9.37359e-01	1.391e-07
9.42057e-01	1.400e-07
9.46778e-01	1.409e-07
9.51523e-01	1.418e-07
9.56292e-01	1.427e-07
9.61085e-01	1.436e-07
9.65902e-01	1.445e-07
9.70743e-01	1.454e-07
9.75608e-01	1.463e-07
9.80498e-01	1.473e-07
9.85412e-01	1.482e-07
9.90350e-01	1.492e-07
9.96143e-01	1.502e-07
1.00113e+00	1.182e-07
1.00573e+00	9.107e-08
1.01035e+00	9.126e-08
1.01542e+00	9.148e-08
1.02051e+00	9.171e-08
1.02562e+00	9.193e-08
1.03076e+00	9.216e-08
1.03593e+00	9.238e-08
1.04112e+00	9.261e-08
1.04634e+00	9.284e-08
1.05158e+00	9.306e-08
1.05685e+00	9.329e-08
1.06215e+00	9.350e-08
1.06747e+00	9.369e-08
1.07282e+00	9.389e-08
1.07820e+00	9.409e-08
1.08360e+00	9.429e-08
1.08903e+00	9.448e-08
1.09449e+00	9.468e-08
1.09998e+00	9.488e-08
1.10549e+00	9.508e-08
1.11103e+00	9.528e-08
1.11660e+00	9.547e-08
1.12219e+00	9.563e-08
1.12782e+00	9.578e-08
1.13347e+00	9.593e-08
1.13915e+00	9.608e-08
1.14486e+00	9.623e-08
1.15060e+00	9.639e-08
1.15637e+00	9.654e-08
1.16216e+00	9.669e-08
1.16799e+00	9.685e-08
1.17384e+00	9.700e-08
1.17972e+00	9.715e-08
1.18564e+00	9.731e-08
1.19158e+00	9.746e-08
1.19755e+00	9.762e-08
1.20355e+00	9.777e-08
1.20958e+00	9.793e-08
1.21565e+00	9.808e-08
1.22174e+00	9.824e-08
1.22786e+00	9.840e-08
1.23402e+00	9.852e-08
1.24020e+00	9.861e-08
1.24642e+00	9.871e-08
1.25266e+00	9.880e-08
1.25894e+00	9.890e-08
1.26525e+00	9.899e-08
1.27159e+00	9.908e-08
1.27796e+00	9.918e-08
1.28437e+00	9.927e-08
1.29081e+00	9.937e-08
1.29728e+00	9.946e-08
1.30378e+00	9.956e-08
1.31031e+00	9.965e-08
1.31688e+00	9.975e-08
1.32348e+00	9.984e-08
1.33011e+00	9.994e-08
1.33678e+00	1.000e-07
1.34348e+00	1.001e-07
1.35021e+00	1.002e-07
1.35698e+00	1.002e-07
1.36378e+00	1.002e-07
1.37061e+00	1.002e-07
1.37748e+00	1.002e-07
1.38439e+00	1.003e-07
1.39133e+00	1.003e-07
1.39830e+00	1.003e-07
1.40531e+00	1.003e-07
1.41235e+00	1.003e-07
1.41943e+00	1.003e-07
1.42654e+00	1.004e-07
1.43369e+00	1.004e-07
1.44088e+00	1.004e-07
1.44810e+00	1.004e-07
1.45536e+00	1.004e-07
1.46265e+00	1.005e-07
1.46998e+00	1.005e-07
1.47735e+00	1.005e-07
1.48475e+00	1.005e-07
1.49219e+00	1.005e-07
1.49967e+00	1.005e-07
1.50719e+00	1.006e-07
1.51474e+00	1.006e-07
1.52233e+00	1.006e-07
1.52996e+00	1.006e-07
1.53763e+00	1.006e-07
1.54534e+00	1.006e-07
1.55308e+00	1.007e-07
1.56087e+00	1.007e-07
1.56869e+00	1.007e-07
1.57655e+00	1.007e-07
1.58445e+00	1.006e-07
1.59239e+00	1.005e-07
1.60038e+00	1.004e-07
1.60840e+00	1.004e-07
1.61646e+00	1.003e-07
1.62456e+00	1.002e-07
1.63270e+00	1.001e-07
1.64088e+00	1.000e-07
1.64911e+00	9.991e-08
1.65737e+00	9.982e-08
1.66568e+00	9.973e-08
1.67403e+00	9.964e-08
1.68242e+00	9.956e-08
1.69085e+00	9.947e-08
1.69932e+00	9.938e-08
1.70784e+00	9.929e-08
1.71640e+00	9.920e-08
1.72500e+00	9.911e-08
1.73365e+00	9.902e-08
1.74234e+00	9.894e-08
1.75107e+00	9.885e-08
1.75984e+00	9.876e-08
1.76866e+00	9.867e-08
1.77753e+00	9.858e-08
1.78644e+00	9.849e-08
1.79539e+00	9.841e-08
1.80439e+00	9.834e-08
1.81343e+00	9.839e-08
1.82252e+00	9.815e-08
1.83165e+00	9.791e-08
1.84083e+00	9.768e-08
1.85006e+00	9.744e-08
1.85933e+00	9.721e-08
1.86865e+00	9.697e-08
1.87802e+00	9.674e-08
1.88743e+00	9.651e-08
1.89689e+00	9.628e-08
1.90640e+00	9.604e-08
1.91595e+00	9.581e-08
1.92555e+00	9.558e-08
1.93520e+00	9.535e-08
1.94490e+00	9.512e-08
1.95465e+00	9.489e-08
1.96445e+00	9.466e-08
1.97429e+00	9.444e-08
1.98419e+00	9.421e-08
1.99413e+00	9.398e-08
2.00412e+00	9.376e-08
2.01417e+00	9.353e-08
2.02426e+00	9.331e-08
2.03441e+00	9.308e-08
2.04461e+00	9.278e-08
2.05485e+00	9.245e-08
2.06515e+00	9.213e-08
2.07550e+00	9.181e-08
2.08590e+00	9.149e-08
2.09636e+00	9.117e-08
2.10686e+00	9.085e-08
2.11742e+00	9.054e-08
2.12804e+00	9.022e-08
2.13870e+00	8.991e-08
2.14942e+00	8.959e-08
2.16019e+00	8.928e-08
2.17102e+00	8.897e-08
2.18190e+00	8.866e-08
2.19283e+00	8.835e-08
2.20382e+00	8.804e-08
2.21487e+00	8.774e-08
2.22597e+00	8.743e-08
2.23713e+00	8.713e-08
2.24834e+00	8.682e-08
2.25961e+00	8.652e-08
2.27093e+00	8.612e-08
2.28231e+00	8.564e-08
2.29375e+00	8.516e-08
2.30525e+00	8.469e-08
2.31680e+00	8.421e-08
2.32841e+00	8.374e-08
2.34008e+00	8.328e-08
2.35181e+00	8.281e-08
2.36360e+00	8.235e-08
2.37544e+00	8.189e-08
2.38735e+00	8.143e-08
2.39931e+00	8.098e-08
2.41134e+00	8.052e-08
2.42342e+00	8.007e-08
2.43557e+00	7.963e-08
2.44778e+00	7.918e-08
2.46004e+00	7.874e-08
2.47237e+00	7.830e-08
2.48476e+00	7.786e-08
2.49722e+00	7.743e-08
2.50973e+00	7.700e-08
2.52231e+00	7.656e-08
2.53495e+00	7.614e-08
2.54766e+00	7.571e-08
2.56043e+00	7.529e-08
2.57326e+00	7.487e-08
2.58616e+00	7.445e-08
2.59912e+00	7.403e-08
2.61214e+00	7.362e-08
2.62524e+00	7.321e-08
2.63839e+00	7.280e-08
2.65162e+00	7.239e-08
2.66490e+00	7.199e-08
2.67826e+00	7.159e-08
2.69168e+00	7.119e-08
2.70517e+00	7.079e-08
2.71873e+00	7.040e-08
2.73236e+00	7.000e-08
2.74605e+00	6.961e-08
2.75981e+00	6.922e-08
2.77365e+00	6.884e-08
2.78755e+00	6.845e-08
2.80152e+00	6.807e-08
2.81556e+00	6.769e-08
2.82967e+00	6.731e-08
2.84385e+00	6.693e-08
2.85810e+00	6.656e-08
2.87243e+00	6.619e-08
2.88683e+00	6.582e-08
2.90129e+00	6.536e-08
2.91583e+00	6.479e-08
2.93045e+00	6.422e-08
2.94514e+00	6.365e-08
2.95990e+00	6.309e-08
2.97473e+00	6.254e-08
2.98964e+00	6.199e-08
3.00462e+00	6.144e-08
3.01968e+00	6.090e-08
3.03482e+00	6.036e-08
3.05003e+00	5.983e-08
3.06531e+00	5.931e-08
3.08067e+00	5.878e-08
3.09611e+00	5.827e-08
3.11163e+00	5.775e-08
3.12723e+00	5.724e-08
3.14290e+00	5.674e-08
3.15865e+00	5.624e-08
3.17448e+00	5.575e-08
3.19039e+00	5.526e-08
3.20638e+00	5.477e-08
3.22245e+00	5.429e-08
3.23860e+00	5.381e-08
3.25483e+00	5.334e-08
3.27115e+00	5.287e-08
3.28754e+00	5.240e-08
3.30402e+00	5.194e-08
3.32058e+00	5.148e-08
3.33722e+00	5.103e-08
3.35394e+00	5.058e-08
3.37075e+00	5.013e-08
3.38765e+00	4.969e-08
3.40463e+00	4.926e-08
3.42169e+00	4.882e-08
3.43884e+00	4.839e-08
3.45607e+00	4.797e-08
3.47339e+00	4.754e-08
3.49080e+00	4.713e-08
3.50830e+00	4.671e-08
3.52588e+00	3.035e-08
3.54355e+00	1.165e-08
3.56131e+00	1.128e-08
3.57916e+00	1.093e-08
3.59710e+00	1.058e-08
3.61513e+00	1.025e-08
3.63324e+00	9.923e-09
3.65145e+00	9.609e-09
3.66975e+00	9.306e-09
3.68815e+00	9.012e-09
3.70663e+00	8.727e-09
3.72521e+00	8.451e-09
3.74388e+00	8.184e-09
3.76264e+00	7.926e-09
3.78150e+00	7.675e-09
3.80045e+00	7.433e-09
3.81950e+00	7.198e-09
3.84202e+00	6.977e-09
3.86126e+00	6.756e-09
3.87891e+00	6.540e-09
3.89665e+00	6.331e-09
3.91618e+00	6.131e-09
3.93580e+00	5.937e-09
3.95553e+00	5.792e-09
3.98271e+00	5.578e-09
4.00263e+00	4.036e-09
4.01898e+00	5.202e-12
4.03543e+00	4.875e-12
4.05565e+00	4.574e-12
4.07598e+00	4.291e-12
4.09640e+00	4.025e-12
4.11693e+00	3.776e-12
4.13757e+00	3.542e-12
4.15831e+00	3.323e-12
4.17915e+00	3.117e-12
4.20009e+00	2.925e-12
4.22114e+00	2.744e-12
4.24230e+00	2.574e-12
4.26356e+00	2.415e-12
4.28493e+00	2.265e-12
4.30640e+00	2.125e-12
4.32799e+00	1.993e-12
4.34968e+00	1.870e-12
4.37148e+00	1.754e-12
4.39339e+00	1.646e-12
4.41540e+00	1.544e-12
4.43753e+00	1.448e-12
4.45977e+00	1.359e-12
4.48213e+00	1.275e-12
4.50459e+00	1.196e-12
4.52717e+00	1.122e-12
4.54985e+00	1.052e-12
4.57266e+00	9.872e-13
4.59558e+00	9.261e-13
4.61861e+00	8.688e-13
4.64176e+00	8.150e-13
4.66502e+00	7.646e-13
4.68840e+00	7.173e-13
4.71190e+00	6.729e-13
4.73551e+00	6.313e-13
4.75925e+00	5.922e-13
4.78310e+00	5.555e-13
4.80707e+00	5.212e-13
4.83116e+00	4.890e-13
4.85538e+00	4.544e-13
4.87971e+00	4.190e-13
4.90417e+00	3.863e-13
4.92874e+00	3.562e-13
4.95345e+00	3.284e-13
4.97827e+00	3.028e-13
5.00322e+00	2.792e-13
5.02830e+00	2.575e-13
5.05350e+00	2.374e-13
5.07883e+00	2.189e-13
5.10428e+00	2.018e-13
5.12986e+00	1.861e-13
5.15557e+00	1.716e-13
5.18141e+00	1.582e-13
5.20738e+00	1.459e-13
5.23348e+00	1.345e-13
5.25971e+00	1.240e-13
5.28607e+00	1.144e-13
5.31256e+00	1.055e-13
5.33919e+00	9.724e-14
5.36595e+00	8.966e-14
5.39284e+00	8.267e-14
5.41987e+00	7.623e-14
5.44703e+00	7.029e-14
5.47433e+00	6.481e-14
5.50177e+00	5.976e-14
5.52934e+00	5.510e-14
5.55705e+00	5.081e-14
5.58490e+00	4.685e-14
5.61290e+00	4.320e-14
5.64103e+00	3.983e-14
5.66930e+00	3.672e-14
5.69771e+00	1.776e-14
5.72627e+00	1.566e-14
5.75497e+00	1.414e-14
5.78381e+00	1.276e-14
5.81280e+00	1.152e-14
5.84193e+00	1.040e-14
5.87121e+00	9.388e-15
5.90063e+00	8.474e-15
5.93021e+00	7.650e-15
5.95993e+00	6.906e-15
5.98980e+00	6.234e-15
6.01982e+00	5.627e-15
6.04999e+00	5.080e-15
6.08031e+00	4.586e-15
6.11078e+00	4.140e-15
6.14141e+00	3.737e-15
6.17219e+00	3.373e-15
6.20312e+00	3.045e-15
6.23421e+00	2.749e-15
6.26546e+00	2.481e-15
6.29686e+00	2.240e-15
6.32842e+00	2.022e-15
6.36013e+00	1.825e-15
6.39201e+00	1.648e-15
6.42405e+00	1.487e-15
6.45624e+00	1.343e-15
6.48860e+00	1.212e-15
6.52112e+00	1.094e-15
6.55380e+00	9.877e-16
6.58665e+00	8.916e-16
6.61966e+00	8.049e-16
6.65284e+00	7.266e-16
6.68618e+00	6.559e-16
6.71969e+00	5.921e-16
6.75337e+00	5.345e-16
6.78721e+00	4.825e-16
6.82123e+00	4.355e-16
6.85542e+00	3.897e-16
6.88978e+00	3.433e-16
6.92431e+00	3.025e-16
6.95901e+00	2.665e-16
6.99389e+00	2.349e-16
7.02894e+00	2.070e-16
7.06417e+00	1.824e-16
7.09957e+00	1.607e-16
7.13515e+00	1.416e-16
7.17091e+00	1.248e-16
7.20685e+00	1.100e-16
7.24297e+00	9.691e-17
7.27927e+00	8.539e-17
7.31576e+00	7.525e-17
7.35242e+00	6.631e-17
7.38927e+00	5.843e-17
7.42630e+00	5.149e-17
7.46352e+00	4.537e-17
7.50093e+00	3.998e-17
7.53852e+00	3.523e-17
7.57630e+00	3.105e-17
7.61428e+00	2.736e-17
7.65244e+00	2.411e-17
7.69079e+00	2.124e-17
7.72934e+00	1.872e-17
7.76807e+00	1.650e-17
7.80701e+00	1.454e-17
7.84613e+00	1.281e-17
7.88546e+00	1.129e-17
7.88556e+00     1.000e-99
